16:38:24, 49.46, -15.14, 9.93, 0.98, 0.34, 0.07, 0.53, -0.16, -0.09
16:38:24, 34.63, -15.50, 1.55, 0.93, 0.15, 0.06, 0.53, -0.16, -0.11
16:38:24, -23.64, -21.56, -3.86, 0.97, 0.30, 0.24, 0.53, -0.16, -0.11
16:38:24, -18.74, -12.75, -6.86, 1.03, 0.07, 0.05, 0.52, -0.15, -0.12
16:38:24, 11.84, -8.45, -1.61, 0.94, 0.09, 0.12, 0.52, -0.15, -0.12
16:38:24, 4.81, -7.10, -3.75, 0.97, 0.12, 0.10, 0.53, -0.15, -0.12
16:38:24, -13.97, -6.17, -6.54, 0.95, 0.15, 0.11, 0.53, -0.15, -0.12
16:38:25, -1.07, -2.35, -5.21, 1.00, -0.00, 0.12, 0.53, -0.15, -0.12
16:38:25, 23.87, -0.60, -0.79, 0.97, 0.21, 0.06, 0.53, -0.15, -0.12
16:38:25, -23.08, -1.40, -9.89, 0.99, 0.11, 0.09, 0.52, -0.15, -0.12
16:38:25, -32.89, 0.36, -12.25, 0.97, 0.17, 0.13, 0.52, -0.15, -0.12
16:38:25, -39.39, 0.59, -9.27, 1.01, 0.05, 0.11, 0.53, -0.15, -0.11
16:38:25, -7.17, 6.68, -7.53, 0.94, 0.05, 0.07, 0.52, -0.15, -0.11
16:38:25, 4.03, 5.39, -5.17, 0.97, 0.14, 0.10, 0.53, -0.15, -0.11
16:38:25, 6.20, 6.62, -8.53, 0.98, 0.06, 0.06, 0.53, -0.16, -0.11
16:38:25, 9.47, 6.28, -9.79, 0.97, 0.06, 0.06, 0.53, -0.16, -0.11
16:38:25, -13.20, 4.37, -10.43, 0.98, 0.02, 0.05, 0.53, -0.15, -0.10
16:38:25, -14.10, 4.63, -8.09, 0.96, -0.01, 0.07, 0.53, -0.15, -0.10
16:38:25, -18.23, 5.01, -6.82, 0.95, 0.03, 0.07, 0.54, -0.15, -0.10
16:38:25, -12.09, 4.45, -4.76, 1.00, -0.00, 0.06, 0.53, -0.14, -0.10
16:38:25, -3.61, 4.59, -2.86, 0.98, 0.04, 0.08, 0.54, -0.14, -0.10
16:38:25, -18.01, 3.90, -4.65, 0.97, 0.10, 0.06, 0.54, -0.15, -0.09
16:38:25, -21.67, 1.08, -4.30, 0.99, -0.04, 0.03, 0.54, -0.15, -0.09
16:38:25, 10.66, 0.59, 0.10, 0.98, -0.01, 0.04, 0.54, -0.15, -0.10
16:38:25, 27.15, -0.18, 3.31, 0.97, 0.03, 0.06, 0.53, -0.15, -0.09
16:38:25, 18.02, -1.40, 1.52, 0.94, 0.05, 0.05, 0.57, -0.15, -0.09
16:38:25, 25.15, -1.67, 2.64, 0.99, -0.01, 0.06, 0.53, -0.15, -0.09
16:38:25, 34.96, -2.59, 4.92, 0.97, 0.08, 0.07, 0.53, -0.14, -0.10
16:38:25, 17.89, -3.26, 0.55, 0.96, 0.12, 0.07, 0.53, -0.14, -0.11
16:38:25, 21.74, -2.56, -1.20, 0.99, 0.01, 0.07, 0.53, -0.14, -0.11
16:38:25, 21.37, -3.70, -0.25, 0.97, 0.10, 0.08, 0.53, -0.14, -0.11
16:38:25, -12.32, -4.58, -4.49, 1.00, 0.05, 0.11, 0.53, -0.14, -0.11
16:38:25, 0.35, -2.84, -1.80, 1.00, 0.03, 0.09, 0.54, -0.14, -0.11
16:38:25, 1.56, -1.84, -0.81, 0.97, 0.00, 0.08, 0.53, -0.14, -0.11
16:38:25, -19.23, -1.51, -4.02, 0.98, 0.08, 0.14, 0.54, -0.14, -0.11
16:38:25, -35.63, 1.15, -8.12, 0.96, 0.13, 0.11, 0.54, -0.14, -0.11
16:38:25, -72.48, 1.18, -13.80, 1.01, -0.32, -0.07, 0.54, -0.14, -0.11
16:38:25, 8.32, 4.78, 1.68, 0.90, 0.23, 0.09, 0.54, -0.14, -0.10
16:38:25, 1.44, 2.58, 1.66, 1.02, -0.01, 0.05, 0.54, -0.14, -0.10
16:38:25, 0.29, 2.68, -1.12, 0.94, 0.13, 0.05, 0.54, -0.15, -0.10
16:38:26, -19.38, -0.59, -5.91, 0.98, 0.05, 0.03, 0.54, -0.15, -0.10
16:38:26, -16.52, -2.44, -6.47, 0.96, -0.08, 0.05, 0.54, -0.15, -0.10
16:38:26, 4.37, -2.36, -0.10, 0.96, -0.05, 0.08, 0.54, -0.14, -0.09
16:38:26, 22.09, -2.34, 6.43, 0.98, 0.04, 0.09, 0.54, -0.14, -0.10
16:38:26, -3.62, -2.48, 0.91, 0.99, 0.13, 0.09, 0.54, -0.15, -0.10
16:38:26, -13.01, 0.18, -2.59, 0.99, 0.04, 0.13, 0.54, -0.14, -0.10
16:38:26, -9.22, 3.15, -2.07, 0.96, 0.04, 0.08, 0.54, -0.14, -0.10
16:38:26, 1.14, 2.77, -1.03, 0.99, 0.01, 0.06, 0.54, -0.15, -0.09
16:38:26, -4.48, 0.80, -1.72, 0.96, 0.04, 0.05, 0.54, -0.15, -0.09
16:38:26, 4.42, 0.75, -0.04, 0.99, -0.02, 0.06, 0.53, -0.14, -0.09
16:38:26, 3.26, -0.33, 0.63, 0.99, 0.07, 0.10, 0.53, -0.14, -0.10
16:38:26, -4.48, -0.89, -0.48, 1.00, 0.06, 0.10, 0.53, -0.14, -0.10
16:38:26, 6.01, -0.91, 1.09, 1.03, 0.01, 0.06, 0.53, -0.14, -0.10
16:38:26, 1.37, -1.44, 1.51, 0.98, 0.09, 0.10, 0.54, -0.14, -0.10
16:38:26, -18.15, -3.71, -0.68, 1.03, 0.11, 0.06, 0.53, -0.15, -0.10
16:38:26, -14.07, 1.84, -9.86, 0.74, -0.03, 0.09, 0.53, -0.14, -0.10
16:38:26, -23.92, 0.78, -11.60, 1.06, 0.21, 0.14, 0.53, -0.14, -0.10
16:38:26, -46.43, 3.32, -20.55, 0.99, -0.05, 0.08, 0.53, -0.14, -0.09
16:38:26, -39.41, 4.95, -17.56, 0.92, -0.06, 0.10, 0.53, -0.14, -0.08
16:38:26, -8.69, 9.83, -7.52, 0.95, -0.15, 0.03, 0.53, -0.13, -0.08
16:38:26, -7.38, 4.09, -6.22, 0.98, -0.30, 0.25, 0.53, -0.13, -0.08
16:38:26, 67.03, 4.86, 13.42, 1.14, -0.07, 0.16, 0.53, -0.13, -0.08
16:38:26, 77.11, 9.00, 9.39, 0.79, 0.17, 0.10, 0.53, -0.13, -0.09
16:38:26, 19.93, 6.12, 7.05, 1.03, 0.06, 0.03, 0.54, -0.13, -0.09
16:38:26, 53.57, 9.36, 9.99, 0.91, 0.03, 0.15, 0.54, -0.13, -0.10
16:38:26, 49.28, 11.76, 1.75, 0.88, 0.33, 0.15, 0.54, -0.12, -0.09
16:38:26, 47.63, 6.21, -2.71, 0.88, 0.05, 0.10, 0.54, -0.12, -0.10
16:38:26, 57.06, 6.93, -6.59, 0.81, 0.09, -0.14, 0.55, -0.12, -0.10
16:38:26, 82.35, -9.00, 12.52, 1.04, 0.05, -0.18, 0.55, -0.11, -0.11
16:38:26, 91.57, -13.95, 15.99, 1.03, -0.00, 0.08, 0.54, -0.11, -0.11
16:38:26, 42.20, -21.25, -2.31, 1.00, 0.04, 0.10, 0.54, -0.10, -0.12
16:38:26, 30.29, -27.54, 18.28, 1.26, -0.20, 0.24, 0.55, -0.10, -0.12
16:38:26, 38.00, -14.62, 4.43, 0.47, -0.12, 0.10, 0.54, -0.11, -0.13
16:38:27, -23.56, -13.92, 1.15, 1.30, 0.30, 0.44, 0.54, -0.11, -0.14
16:38:27, -17.87, 5.47, -13.45, 1.14, -0.06, 0.22, 0.54, -0.11, -0.14
16:38:27, -118.90, 16.23, -27.14, 0.94, 0.14, 0.14, 0.55, -0.11, -0.14
16:38:27, -286.72, 14.50, -46.49, 0.94, -0.93, -0.15, 0.55, -0.12, -0.13
16:38:27, -125.98, 15.63, -19.55, 1.44, -0.87, 0.29, 0.55, -0.13, -0.10
16:38:27, 201.26, 39.28, 38.66, 0.85, -0.17, 0.19, 0.55, -0.13, -0.10
16:38:27, 176.37, 26.06, 33.77, 1.06, 0.12, -0.26, 0.55, -0.12, -0.10
16:38:27, 140.50, 27.65, 20.87, 0.97, 0.15, -0.30, 0.55, -0.12, -0.11
16:38:27, -46.75, 7.95, -1.66, 0.92, 0.53, -0.05, 0.55, -0.12, -0.10
16:38:27, -84.82, 11.23, -14.44, 1.01, -0.16, 0.15, 0.55, -0.12, -0.10
16:38:27, 55.90, 18.68, 5.99, 0.97, -0.12, 0.01, 0.55, -0.12, -0.09
16:38:27, 47.70, 14.32, 0.11, 0.95, 0.22, -0.10, 0.55, -0.11, -0.09
16:38:27, -31.71, 6.00, -13.83, 0.96, 0.15, -0.02, 0.55, -0.12, -0.09
16:38:27, -39.78, 7.53, -17.76, 1.03, -0.07, 0.01, 0.56, -0.11, -0.09
16:38:27, 8.61, 5.47, -6.98, 0.94, -0.13, -0.08, 0.56, -0.11, -0.08
16:38:27, 4.50, 3.82, -5.64, 0.99, 0.10, 0.01, 0.56, -0.11, -0.09
16:38:27, -26.69, 5.28, -13.17, 1.00, -0.03, -0.00, 0.56, -0.11, -0.08
16:38:27, -11.02, 7.16, -5.94, 0.98, -0.17, -0.02, 0.56, -0.11, -0.08
16:38:27, 2.00, 8.55, -0.06, 0.99, -0.03, 0.00, 0.56, -0.11, -0.08
16:38:27, -9.65, 9.79, 1.01, 1.00, -0.03, -0.03, 0.56, -0.10, -0.07
16:38:27, -7.66, 7.27, 2.51, 0.96, -0.09, -0.14, 0.56, -0.10, -0.07
16:38:27, 1.04, 2.99, 5.97, 0.98, 0.02, -0.02, 0.57, -0.11, -0.07
16:38:27, -9.23, 1.40, 0.60, 0.98, 0.05, -0.11, 0.57, -0.11, -0.07
16:38:27, -8.57, -1.58, -0.17, 0.97, -0.06, -0.08, 0.57, -0.11, -0.07
16:38:27, -0.31, -2.74, 3.01, 0.99, -0.01, -0.07, 0.57, -0.11, -0.07
16:38:27, -8.50, -2.73, 2.41, 1.00, -0.04, -0.02, 0.57, -0.11, -0.07
16:38:27, -5.87, -1.55, 6.20, 0.99, -0.10, -0.04, 0.56, -0.11, -0.07
16:38:27, -3.55, -2.21, 7.98, 0.95, 0.01, -0.05, 0.57, -0.12, -0.06
16:38:27, -4.26, -5.54, 6.90, 0.95, 0.02, -0.12, 0.56, -0.12, -0.06
16:38:27, 7.96, -10.35, 7.87, 0.99, -0.00, -0.06, 0.56, -0.12, -0.06
16:38:27, 6.27, -12.07, 9.15, 0.97, -0.04, -0.08, 0.56, -0.13, -0.07
16:38:27, 5.24, -18.11, 12.70, 0.96, -0.03, -0.10, 0.57, -0.12, -0.07
16:38:27, 12.20, -23.32, 14.04, 0.97, 0.01, -0.05, 0.56, -0.13, -0.08
16:38:28, 8.63, -23.13, 16.20, 1.00, -0.00, 0.05, 0.55, -0.13, -0.08
16:38:28, 0.14, -16.14, 19.20, 1.02, -0.03, 0.13, 0.55, -0.13, -0.09
16:38:28, 3.81, -6.68, 23.20, 1.03, 0.01, 0.13, 0.55, -0.14, -0.09
16:38:28, 3.44, 7.26, 25.36, 1.11, 0.02, 0.05, 0.54, -0.14, -0.09
16:38:28, -4.54, -13.48, 22.07, 1.00, 0.42, 0.07, 0.54, -0.15, -0.09
16:38:28, -29.87, -71.15, -12.12, 1.21, -0.16, -0.31, 0.54, -0.16, -0.09
16:38:28, 48.74, -255.88, -24.04, 1.37, -0.52, 1.26, 0.53, -0.15, -0.12
16:38:28, -30.83, -286.72, -56.29, 1.82, -0.01, 1.45, 0.50, -0.14, -0.18
16:38:28, -101.34, -286.72, -63.55, 1.74, -0.07, 1.65, 0.43, -0.13, -0.27
16:38:28, -40.90, -286.72, -39.44, 1.43, -0.12, 1.44, 0.34, -0.14, -0.32
16:38:28, 74.65, -286.72, -32.35, 0.88, -0.06, 0.95, 0.21, -0.13, -0.37
16:38:28, 140.38, -286.72, -39.96, 0.76, -0.03, 0.81, 0.11, -0.11, -0.39
16:38:28, 170.65, -286.72, -57.56, 0.74, 0.12, 0.64, -0.03, -0.06, -0.37
16:38:28, 71.59, -286.72, -83.44, 0.56, 0.47, 0.09, -0.11, -0.03, -0.34
16:38:28, -6.09, -247.62, -67.95, 0.36, 0.22, -0.41, -0.16, -0.04, -0.31
16:38:28, 16.40, -89.71, -5.04, 0.23, 0.14, -0.47, -0.22, -0.04, -0.27
16:38:28, 14.88, 94.34, 59.35, 0.25, 0.38, -0.55, -0.22, -0.04, -0.27
16:38:28, -32.67, 216.96, 109.32, 0.15, 0.19, -0.21, -0.20, -0.03, -0.29
16:38:28, -35.68, 286.68, 148.98, 0.26, 0.16, 0.13, -0.15, -0.01, -0.33
16:38:28, -56.80, 286.68, 165.56, 0.38, 0.26, 0.31, -0.09, -0.01, -0.36
16:38:28, -115.91, 286.68, 142.69, 0.51, 0.20, 0.52, 0.03, -0.02, -0.40
16:38:28, -130.31, 286.68, 107.00, 0.71, 0.06, 0.74, 0.09, -0.04, -0.41
16:38:28, -81.75, 286.68, 66.48, 1.25, 0.13, 1.07, 0.24, -0.09, -0.38
16:38:28, -57.75, 286.68, 43.93, 2.00, -0.28, 1.29, 0.41, -0.12, -0.27
16:38:28, -108.83, 286.68, -109.85, 2.00, -0.70, 2.00, 0.51, -0.13, -0.15
16:38:28, -286.72, 286.68, 196.79, -1.60, 2.00, -0.94, 0.54, -0.10, -0.17
16:38:28, -129.20, 23.85, -59.96, 0.93, -0.41, 0.79, 0.52, -0.09, -0.13
16:38:28, -113.68, 60.21, -36.74, 1.52, -0.13, 0.20, 0.53, -0.10, -0.12
16:38:28, 49.54, 72.93, 12.07, 0.78, -0.26, -0.08, 0.55, -0.11, -0.09
16:38:28, -55.97, 36.48, -4.89, 0.75, 0.26, -0.51, 0.55, -0.11, -0.09
16:38:28, -115.36, -3.53, -23.33, 0.88, -0.12, -0.39, 0.55, -0.11, -0.07
16:38:28, 52.87, -13.51, 4.43, 1.07, -0.48, 0.06, 0.55, -0.11, -0.07
16:38:28, 105.38, -2.72, 21.75, 1.03, 0.14, 0.11, 0.54, -0.11, -0.08
16:38:29, -35.37, -4.69, -10.73, 0.94, 0.19, 0.10, 0.55, -0.11, -0.08
16:38:29, -53.20, -2.37, -16.25, 1.03, -0.08, 0.04, 0.55, -0.11, -0.08
16:38:29, 14.45, 2.45, -2.56, 0.96, -0.12, 0.04, 0.55, -0.10, -0.07
16:38:29, 27.04, 3.64, 0.38, 0.98, -0.01, 0.03, 0.55, -0.10, -0.08
16:38:29, -6.78, 4.29, -6.05, 1.00, 0.02, 0.05, 0.55, -0.10, -0.08
16:38:29, -9.27, 6.32, -6.71, 0.99, -0.09, 0.06, 0.54, -0.10, -0.08
16:38:29, 0.42, 7.80, -3.26, 0.99, -0.05, -0.01, 0.55, -0.10, -0.07
16:38:29, -10.74, 4.44, -4.87, 0.97, -0.04, -0.04, 0.55, -0.09, -0.07
16:38:29, -0.63, 0.72, -2.71, 0.97, -0.10, -0.02, 0.55, -0.10, -0.07
16:38:29, 9.44, -0.77, 0.17, 0.99, -0.05, 0.02, 0.55, -0.10, -0.07
16:38:29, 1.47, -0.59, -1.21, 0.99, -0.04, 0.03, 0.55, -0.09, -0.08
16:38:29, 0.11, 1.32, -0.67, 0.99, -0.06, 0.03, 0.55, -0.09, -0.07
16:38:29, 1.58, 1.86, -0.61, 0.98, -0.04, 0.00, 0.55, -0.09, -0.07
16:38:29, 1.70, 1.22, -0.43, 0.99, -0.05, 0.01, 0.55, -0.10, -0.06
16:38:29, -0.16, 0.66, 0.33, 0.98, -0.07, 0.00, 0.55, -0.09, -0.07
16:38:29, 2.84, 0.45, 0.81, 0.99, -0.06, -0.00, 0.54, -0.10, -0.07
16:38:29, 6.68, 0.52, 1.14, 0.98, -0.03, 0.02, 0.55, -0.10, -0.08
16:38:29, 1.13, 0.72, 0.45, 0.98, -0.04, 0.01, 0.55, -0.10, -0.07
16:38:29, 0.37, -0.35, 0.04, 0.98, -0.06, -0.01, 0.55, -0.09, -0.07
16:38:29, 4.32, -0.95, 1.07, 0.98, -0.05, -0.00, 0.55, -0.10, -0.08
16:38:29, 5.93, -1.23, 0.94, 0.98, -0.04, 0.02, 0.55, -0.10, -0.06
16:38:29, 2.02, -0.47, 0.17, 0.99, -0.03, 0.01, 0.55, -0.09, -0.07
16:38:29, 1.56, -0.64, -0.18, 0.98, -0.06, 0.01, 0.55, -0.09, -0.07
16:38:29, 4.15, -0.60, 0.58, 0.98, -0.04, 0.00, 0.56, -0.10, -0.07
16:38:29, -0.53, -0.75, -0.31, 0.99, -0.04, 0.02, 0.55, -0.09, -0.07
16:38:29, 0.74, -0.15, -0.09, 0.98, -0.05, 0.02, 0.55, -0.10, -0.07
16:38:29, 1.94, 0.52, 0.20, 0.99, -0.04, 0.02, 0.55, -0.10, -0.07
16:38:29, -1.60, 0.60, -0.04, 0.98, -0.04, 0.00, 0.55, -0.09, -0.07
16:38:30, 2.11, -3.58, 2.09, 0.99, -0.05, 0.01, 0.55, -0.10, -0.07
16:38:30, 3.08, -3.25, 4.14, 0.98, -0.05, 0.01, 0.54, -0.11, -0.08
16:38:30, -52.64, -20.34, -11.14, 0.84, 0.16, 0.16, 0.39, -0.11, -0.29
16:38:30, -36.74, 75.28, -33.78, 0.75, 0.07, 0.04, 0.40, -0.12, -0.27
16:38:30, 17.70, 137.45, -37.66, 0.79, 0.07, 0.05, 0.42, -0.12, -0.25
16:38:30, 38.40, 188.67, -34.78, 0.80, 0.12, 0.11, 0.46, -0.10, -0.22
16:38:30, 30.45, 230.50, -27.65, 0.84, 0.07, 0.16, 0.49, -0.09, -0.19
16:38:31, 13.81, 261.51, -15.26, 0.90, 0.02, 0.16, 0.53, -0.08, -0.13
16:38:31, 19.73, 276.53, -7.32, 1.04, -0.04, 0.08, 0.55, -0.08, -0.07
16:38:31, 55.26, 269.07, -7.17, 1.15, -0.10, -0.06, 0.57, -0.07, 0.01
16:38:31, 91.95, 245.21, -2.74, 1.11, 0.01, -0.10, 0.57, -0.11, 0.06
16:38:31, 22.36, 177.84, 4.16, 0.89, 0.20, -0.14, 0.57, -0.07, 0.12
16:38:31, -102.08, 48.91, -10.88, 0.54, -0.27, -0.43, 0.57, -0.07, 0.14
16:38:31, -37.80, -33.94, 0.08, 0.77, -0.23, -0.12, 0.56, -0.06, 0.16
16:38:31, 28.59, -34.29, -2.07, 0.97, 0.06, -0.11, 0.56, -0.05, 0.15
16:38:31, 15.10, -51.45, -11.35, 0.88, -0.13, -0.18, 0.57, -0.06, 0.15
16:38:31, 16.02, -118.89, -1.97, 1.05, -0.27, -0.01, 0.57, -0.06, 0.13
16:38:31, -5.13, -126.27, -22.92, 1.59, -0.18, -0.17, 0.57, -0.04, 0.09
16:38:31, -36.21, -156.72, -5.64, 0.77, 0.15, 0.04, 0.57, -0.04, 0.05
16:38:31, 20.78, -128.08, -25.44, 0.78, -0.59, 0.17, 0.57, -0.03, 0.03
16:38:31, 87.50, -118.57, 5.42, 1.15, -0.31, 0.53, 0.56, -0.03, -0.02
16:38:31, -0.65, -115.46, 3.36, 0.87, 0.25, 0.25, 0.56, -0.03, -0.05
16:38:31, -31.69, -102.19, -29.81, 0.97, -0.16, 0.44, 0.55, -0.02, -0.08
16:38:31, 30.49, -70.99, -1.91, 1.07, -0.45, 0.29, 0.54, -0.02, -0.10
16:38:31, 39.36, -48.33, 2.91, 0.98, -0.04, 0.28, 0.54, -0.02, -0.12
16:38:31, 6.78, -36.15, -2.86, 1.06, 0.03, 0.31, 0.54, -0.02, -0.14
16:38:31, -17.35, -16.99, -12.17, 1.01, -0.02, 0.33, 0.53, -0.02, -0.15
16:38:31, -27.34, -6.43, -18.66, 0.99, -0.07, 0.20, 0.53, -0.01, -0.14
16:38:31, -28.73, -8.39, -20.36, 0.97, -0.15, 0.10, 0.53, -0.02, -0.14
16:38:31, -27.12, -16.57, -15.03, 0.91, -0.25, 0.04, 0.53, -0.02, -0.14
16:38:31, -20.93, -27.86, -6.04, 0.92, -0.30, 0.08, 0.53, -0.02, -0.14
16:38:31, -7.39, -35.33, -0.60, 0.93, -0.10, 0.13, 0.53, -0.02, -0.15
16:38:31, -3.75, -49.57, 4.33, 0.90, -0.22, 0.15, 0.52, -0.02, -0.17
16:38:31, 13.69, -50.65, 9.35, 0.86, -0.40, 0.22, 0.51, -0.02, -0.17
16:38:31, -2.62, -56.97, 7.51, 0.92, 0.12, 0.16, 0.50, -0.02, -0.19
16:38:31, -33.65, -72.53, -11.40, 1.03, -0.16, 0.10, 0.50, -0.02, -0.21
16:38:31, -17.89, -87.11, -0.13, 1.06, -0.23, 0.20, 0.48, -0.02, -0.22
16:38:31, -12.37, -101.39, 7.24, 1.12, -0.20, 0.27, 0.47, -0.03, -0.24
16:38:32, -17.02, -110.31, 17.06, 1.39, -0.22, 0.27, 0.45, -0.03, -0.26
16:38:32, -10.89, -115.06, 21.25, 1.49, -0.04, -0.05, 0.43, -0.04, -0.28
16:38:32, -40.22, -120.40, -8.47, 1.46, 0.07, -0.44, 0.40, -0.05, -0.30
16:38:32, -79.63, -176.38, -9.55, 1.23, 0.15, -0.16, 0.38, -0.06, -0.31
16:38:32, -117.36, -207.53, -16.52, 1.40, -0.29, 0.55, 0.35, -0.07, -0.33
16:38:32, -93.22, -180.61, 12.92, 1.72, -0.14, 0.04, 0.30, -0.10, -0.34
16:38:32, -75.71, -126.71, 53.44, 1.10, 0.08, 0.79, 0.27, -0.12, -0.35
16:38:32, -103.63, -54.17, -7.84, 0.86, -0.38, 0.26, 0.24, -0.15, -0.35
16:38:32, 31.64, 31.61, 15.35, 0.65, -0.25, 0.62, 0.24, -0.16, -0.35
16:38:32, 84.26, 111.35, 27.14, 0.51, 0.16, 0.72, 0.24, -0.15, -0.35
16:38:32, 63.80, 177.46, 1.27, 0.45, -0.09, 0.50, 0.27, -0.13, -0.34
16:38:32, 89.49, 238.78, 5.50, 0.60, -0.08, 0.61, 0.32, -0.12, -0.33
16:38:32, 87.03, 286.60, 10.62, 0.65, 0.00, 0.67, 0.36, -0.11, -0.31
16:38:32, 58.15, 286.68, 4.91, 0.75, -0.01, 0.56, 0.44, -0.09, -0.26
16:38:32, 49.48, 286.68, 1.51, 0.87, -0.05, 0.61, 0.48, -0.09, -0.21
16:38:32, 52.28, 286.68, -3.36, 1.06, -0.02, 0.58, 0.52, -0.08, -0.14
16:38:32, 53.82, 286.68, -2.15, 1.28, 0.17, 0.40, 0.56, -0.08, -0.04
16:38:32, -13.81, 286.68, -0.99, 1.30, 0.07, 0.38, 0.57, -0.07, 0.03
16:38:32, -60.42, 261.71, -13.13, 0.94, 0.10, 0.39, 0.56, -0.07, 0.10
16:38:32, -101.27, 137.69, -8.42, 0.61, 0.02, 0.34, 0.56, -0.06, 0.17
16:38:32, -80.89, -10.41, 3.61, 0.73, -0.05, 0.45, 0.56, -0.05, 0.20
16:38:32, 2.45, -108.19, 15.39, 0.93, -0.16, 0.57, 0.55, -0.04, 0.19
16:38:32, 85.56, -149.45, 39.11, 1.30, -0.06, -0.02, 0.56, -0.06, 0.15
16:38:32, -36.61, -187.93, -61.10, 2.00, -1.13, 1.61, 0.56, -0.04, 0.11
16:38:32, 31.55, -191.30, 29.13, 0.35, 0.11, 0.14, 0.57, -0.05, 0.06
16:38:32, 67.83, -148.00, -14.25, 0.62, -0.33, 0.52, 0.56, -0.05, 0.03
16:38:32, 114.66, -122.11, 4.35, 1.34, -0.12, 0.54, 0.56, -0.04, -0.03
16:38:32, 60.55, -107.94, 8.84, 0.95, 0.06, 0.17, 0.55, -0.04, -0.05
16:38:32, -36.05, -95.61, -18.93, 0.97, 0.42, 0.56, 0.55, -0.04, -0.08
16:38:32, -42.56, -65.32, -39.97, 1.04, -0.39, 0.42, 0.54, -0.03, -0.09
16:38:32, 27.73, -39.82, -2.90, 1.02, -0.29, 0.37, 0.53, -0.03, -0.10
16:38:32, 27.62, -23.72, -1.37, 1.00, 0.10, 0.32, 0.53, -0.02, -0.12
16:38:32, -14.65, -17.06, -18.14, 0.98, -0.02, 0.24, 0.54, -0.02, -0.13
16:38:33, -12.93, -14.67, -14.52, 1.01, -0.25, 0.18, 0.53, -0.02, -0.13
16:38:33, 10.28, -12.99, -3.79, 0.95, -0.19, 0.12, 0.53, -0.02, -0.13
16:38:33, -9.67, -21.27, -4.82, 0.96, -0.04, 0.01, 0.54, -0.01, -0.13
16:38:33, -21.96, -33.64, -9.26, 0.94, -0.06, 0.17, 0.53, -0.02, -0.14
16:38:33, -28.33, -37.47, -16.00, 0.97, -0.01, 0.21, 0.52, -0.02, -0.14
16:38:33, -17.53, -38.76, -16.84, 0.94, -0.22, 0.13, 0.52, -0.01, -0.15
16:38:33, -9.54, -48.70, -12.73, 0.90, -0.32, -0.02, 0.52, -0.01, -0.16
16:38:33, -42.36, -77.81, -10.62, 0.95, -0.08, -0.11, 0.52, -0.01, -0.17
16:38:33, -43.81, -109.63, -7.87, 1.06, -0.31, 0.07, 0.49, -0.01, -0.20
16:38:33, -8.23, -118.18, 11.39, 1.36, -0.19, 0.33, 0.48, -0.02, -0.22
16:38:33, -35.44, -124.96, 11.96, 1.34, 0.01, 0.07, 0.46, -0.02, -0.23
16:38:33, -42.52, -148.22, 20.52, 1.72, -0.16, -0.21, 0.45, -0.03, -0.25
16:38:33, -58.09, -167.58, 17.86, 1.48, 0.04, -0.46, 0.41, -0.05, -0.28
16:38:33, -99.45, -203.32, 0.89, 1.47, 0.04, -0.12, 0.38, -0.06, -0.29
16:38:33, -80.78, -213.30, 5.36, 1.53, -0.41, 0.38, 0.33, -0.09, -0.32
16:38:33, -48.80, -142.82, 24.32, 1.44, -0.16, -0.01, 0.30, -0.11, -0.34
16:38:33, -27.48, -110.36, 51.26, 0.90, -0.05, 1.11, 0.28, -0.13, -0.34
16:38:33, -60.61, -16.94, -8.23, 0.87, -0.21, 0.32, 0.25, -0.14, -0.34
16:38:33, 19.76, 64.31, 10.09, 0.54, -0.04, 0.81, 0.25, -0.15, -0.33
16:38:33, 50.12, 145.85, -6.64, 0.47, 0.04, 0.75, 0.28, -0.14, -0.33
16:38:33, 71.93, 219.52, -16.89, 0.39, -0.07, 0.63, 0.31, -0.13, -0.32
16:38:33, 106.94, 276.86, -7.90, 0.48, -0.07, 0.67, 0.34, -0.12, -0.30
16:38:33, 100.42, 286.68, 1.61, 0.52, 0.01, 0.67, 0.42, -0.09, -0.25
16:38:33, 57.58, 286.68, -2.37, 0.72, -0.06, 0.69, 0.46, -0.08, -0.21
16:38:33, 46.09, 286.68, -3.33, 0.98, -0.05, 0.66, 0.52, -0.07, -0.12
16:38:33, 38.00, 286.68, -2.88, 1.18, 0.00, 0.49, 0.55, -0.07, -0.06
16:38:33, 20.49, 286.68, -0.73, 1.42, -0.12, 0.43, 0.56, -0.06, 0.02
16:38:33, -20.07, 286.68, -10.69, 1.38, -0.04, 0.34, 0.56, -0.06, 0.13
16:38:33, -104.19, 174.81, -17.82, 0.53, -0.02, 0.12, 0.55, -0.05, 0.18
16:38:33, -141.70, -15.61, -19.00, 0.46, -0.24, 0.44, 0.54, -0.03, 0.21
16:38:33, 13.06, -99.40, 0.66, 0.97, -0.05, 0.68, 0.54, -0.02, 0.20
16:38:33, 124.59, -133.69, 10.75, 0.75, -0.04, 0.77, 0.55, -0.02, 0.17
16:38:33, 51.06, -47.42, -31.64, 2.00, -0.00, -2.00, 0.56, -0.04, 0.12
16:38:33, 67.58, -168.04, 48.26, 2.00, 0.37, -0.52, 0.55, -0.01, 0.11
16:38:34, -108.34, -185.83, -6.45, 0.48, 0.26, -0.08, 0.56, -0.02, 0.06
16:38:34, -24.94, -152.84, -44.62, 0.75, -0.94, 0.21, 0.56, -0.01, 0.03
16:38:34, 163.44, -147.45, 20.52, 1.30, -0.77, 0.60, 0.56, -0.00, -0.01
16:38:34, -6.68, -124.13, 37.73, 0.81, 0.48, 0.43, 0.55, -0.01, -0.05
16:38:34, -28.40, -88.87, -49.31, 1.06, 0.07, 0.43, 0.55, -0.01, -0.07
16:38:34, -55.72, -67.70, -15.16, 1.04, -0.56, 0.29, 0.54, -0.00, -0.10
16:38:34, 29.22, -41.55, 5.88, 0.98, -0.23, 0.32, 0.53, 0.00, -0.10
16:38:34, 12.18, -29.74, 4.20, 1.02, -0.03, 0.25, 0.53, 0.01, -0.11
16:38:34, -14.27, -21.46, -4.83, 1.00, -0.12, 0.15, 0.53, -0.01, -0.11
16:38:34, -26.27, -25.07, -5.99, 0.96, -0.23, 0.10, 0.53, 0.00, -0.12
16:38:34, -10.31, -22.24, 1.69, 1.00, -0.29, 0.25, 0.53, -0.00, -0.13
16:38:34, -2.52, -17.14, 6.45, 0.97, -0.10, 0.20, 0.53, -0.00, -0.12
16:38:34, -22.27, -13.23, -3.07, 0.97, -0.06, 0.23, 0.53, -0.01, -0.13
16:38:34, -20.83, -11.52, -3.42, 1.01, -0.14, 0.15, 0.52, -0.01, -0.14
16:38:34, -36.93, -18.48, -4.95, 0.92, -0.17, -0.01, 0.52, -0.02, -0.15
16:38:34, -54.10, -51.64, -5.73, 0.79, -0.18, -0.28, 0.52, -0.02, -0.15
16:38:34, -3.59, -85.65, 6.43, 0.88, -0.31, -0.02, 0.50, -0.02, -0.16
16:38:34, 11.21, -101.15, 13.67, 1.07, -0.12, 0.23, 0.49, -0.02, -0.18
16:38:34, -16.02, -105.57, 8.22, 1.11, -0.09, 0.26, 0.48, -0.02, -0.20
16:38:34, -17.69, -114.90, 15.25, 1.26, -0.16, 0.20, 0.47, -0.03, -0.22
16:38:34, -13.27, -120.61, 25.53, 1.45, -0.11, -0.01, 0.45, -0.03, -0.25
16:38:34, -46.90, -131.97, 13.93, 1.50, 0.05, -0.35, 0.42, -0.04, -0.27
16:38:34, -90.58, -144.69, 11.42, 1.28, 0.09, -0.03, 0.41, -0.05, -0.29
16:38:34, -97.26, -181.19, 5.10, 1.22, -0.40, 0.50, 0.38, -0.07, -0.30
16:38:34, -20.99, -162.83, 40.28, 1.19, -0.13, 0.78, 0.34, -0.10, -0.32
16:38:34, -11.25, -86.02, 42.93, 0.74, -0.16, 0.57, 0.30, -0.10, -0.33
16:38:34, -54.01, -4.70, 18.58, 0.45, -0.02, 0.11, 0.28, -0.11, -0.34
16:38:34, -28.72, 70.76, 2.87, 0.41, 0.05, 0.37, 0.28, -0.12, -0.34
16:38:34, -21.81, 134.37, -12.58, 0.42, 0.30, 0.57, 0.30, -0.14, -0.33
16:38:34, -15.15, 182.46, -40.76, 0.47, 0.08, 0.57, 0.34, -0.14, -0.31
16:38:34, 53.30, 222.78, -41.54, 0.58, -0.01, 0.81, 0.38, -0.13, -0.28
16:38:34, 83.26, 252.50, -25.70, 0.63, 0.08, 0.98, 0.42, -0.12, -0.27
16:38:34, 65.76, 251.22, -12.72, 0.75, 0.24, 1.02, 0.47, -0.11, -0.21
16:38:35, 32.53, 229.60, -11.51, 1.02, 0.05, 1.09, 0.50, -0.09, -0.18
16:38:35, 51.06, 172.22, 0.29, 0.96, -0.05, 1.03, 0.54, -0.09, -0.12
16:38:35, 34.70, 99.42, 3.41, 0.87, 0.09, 0.85, 0.55, -0.09, -0.10
16:38:35, -6.76, 56.15, -1.60, 0.81, 0.08, 0.72, 0.55, -0.08, -0.08
16:38:35, -2.22, 30.64, -0.34, 0.81, 0.01, 0.49, 0.56, -0.08, -0.06
16:38:35, 24.08, -35.75, 7.74, 0.83, -0.06, 0.46, 0.56, -0.08, -0.07
16:38:35, 62.25, 9.65, 9.37, 1.25, -0.17, -0.02, 0.56, -0.08, -0.08
16:38:35, 25.07, 7.72, 2.11, 0.97, 0.20, 0.14, 0.56, -0.08, -0.08
16:38:35, -11.78, 7.52, -10.33, 1.01, -0.02, -0.03, 0.56, -0.07, -0.07
16:38:35, 16.38, 8.14, -1.65, 1.15, -0.03, -0.07, 0.56, -0.08, -0.07
16:38:35, 5.07, 5.12, -2.06, 1.00, 0.06, -0.07, 0.56, -0.07, -0.08
16:38:35, -7.95, 0.53, -6.58, 0.94, 0.02, 0.01, 0.56, -0.08, -0.07
16:38:35, 2.84, 2.00, -3.73, 0.99, -0.11, -0.00, 0.56, -0.08, -0.07
16:38:35, 2.77, 2.64, -1.80, 0.98, -0.03, -0.02, 0.56, -0.08, -0.07
16:38:35, -1.23, 2.11, -3.23, 1.00, 0.00, -0.01, 0.56, -0.07, -0.07
16:38:35, 3.07, 0.62, -2.80, 0.97, -0.03, -0.06, 0.56, -0.07, -0.08
16:38:35, 6.36, -2.22, -2.19, 0.99, -0.06, -0.04, 0.56, -0.07, -0.08
16:38:35, 4.85, -1.97, -0.94, 0.99, -0.06, 0.05, 0.57, -0.07, -0.07
16:38:35, 0.49, 2.20, -1.44, 1.00, -0.03, 0.03, 0.57, -0.07, -0.07
16:38:35, 3.11, 11.86, -7.09, 1.00, -0.03, -0.01, 0.56, -0.07, -0.07
16:38:35, 15.55, 6.36, -3.82, 0.97, 0.08, -0.04, 0.56, -0.07, -0.07
16:38:35, -11.50, -3.46, -10.03, 0.97, -0.05, -0.13, 0.57, -0.06, -0.07
16:38:35, 3.58, -8.92, 1.90, 0.99, -0.29, 0.00, 0.56, -0.06, -0.07
16:38:35, 2.64, -7.95, 10.19, 0.98, -0.06, -0.03, 0.57, -0.07, -0.07
16:38:35, -24.28, -10.59, 9.60, 0.99, -0.07, -0.02, 0.56, -0.06, -0.08
16:38:35, -16.05, -13.18, 15.10, 1.00, -0.13, -0.04, 0.56, -0.07, -0.07
16:38:35, -4.09, -14.92, 20.70, 0.99, -0.07, 0.01, 0.56, -0.07, -0.07
16:38:35, -7.11, -15.22, 22.99, 0.99, -0.00, 0.02, 0.56, -0.08, -0.08
16:38:35, -11.51, -16.97, 21.96, 0.98, -0.03, 0.01, 0.56, -0.09, -0.08
16:38:35, -1.56, -14.19, 23.71, 1.00, -0.01, 0.09, 0.55, -0.09, -0.08
16:38:35, 0.34, -7.90, 24.94, 0.95, 0.02, 0.10, 0.55, -0.10, -0.09
16:38:35, -0.29, -8.78, 23.42, 0.99, 0.02, 0.02, 0.55, -0.10, -0.09
16:38:35, -0.39, -4.43, 16.01, 1.00, 0.05, 0.13, 0.55, -0.11, -0.09
16:38:36, -7.03, 3.98, 18.80, 0.87, 0.13, 0.19, 0.54, -0.12, -0.09
16:38:36, -12.53, 1.96, 18.86, 0.98, 0.10, -0.04, 0.54, -0.12, -0.09
16:38:36, -3.75, 8.34, 14.50, 1.15, 0.04, 0.15, 0.54, -0.13, -0.09
16:38:36, -4.50, 9.12, 15.64, 0.84, 0.19, -0.02, 0.54, -0.12, -0.08
16:38:36, -19.99, -0.67, 11.23, 1.03, 0.06, -0.07, 0.53, -0.13, -0.08
16:38:36, -5.55, -3.79, 13.30, 0.99, 0.11, 0.00, 0.54, -0.14, -0.08
16:38:36, -15.92, -9.69, 11.19, 0.90, 0.13, -0.01, 0.53, -0.15, -0.09
16:38:36, -16.63, -11.96, 11.48, 1.03, 0.05, 0.03, 0.54, -0.15, -0.09
16:38:36, -8.07, -9.87, 14.33, 0.94, 0.07, 0.10, 0.53, -0.15, -0.08
16:38:36, 0.27, -9.82, 21.09, 0.92, -0.01, 0.08, 0.53, -0.15, -0.08
16:38:36, 18.37, -7.63, 22.02, 0.98, 0.17, 0.06, 0.53, -0.16, -0.09
16:38:36, 1.45, -7.50, 16.37, 1.02, 0.37, 0.10, 0.52, -0.16, -0.09
16:38:36, -10.79, -6.85, 5.40, 0.97, 0.19, 0.10, 0.52, -0.17, -0.09
16:38:36, 6.48, 0.11, 7.51, 1.00, 0.20, 0.09, 0.52, -0.16, -0.09
16:38:36, -7.16, -1.61, 1.84, 0.97, 0.24, 0.03, 0.52, -0.17, -0.09
16:38:36, -12.25, -3.60, -1.40, 0.98, 0.10, 0.07, 0.52, -0.17, -0.08
16:38:36, 11.86, 4.26, 4.26, 0.90, 0.12, 0.06, 0.51, -0.17, -0.09
16:38:36, 2.87, -0.68, 3.39, 0.98, 0.16, 0.11, 0.52, -0.17, -0.09
16:38:36, -29.88, -4.96, -11.12, 1.01, 0.33, 0.00, 0.52, -0.17, -0.09
16:38:36, 4.14, -2.43, -12.46, 1.05, -0.01, 0.09, 0.52, -0.17, -0.09
16:38:36, 12.75, 6.75, -6.70, 0.88, 0.28, 0.03, 0.52, -0.16, -0.08
16:38:36, -20.18, 4.72, -13.51, 0.98, 0.32, 0.10, 0.52, -0.17, -0.08
16:38:36, -56.58, 3.75, -13.19, 1.01, 0.20, 0.11, 0.52, -0.17, -0.07
16:38:36, -57.22, 8.78, -8.24, 1.00, 0.12, 0.28, 0.52, -0.17, -0.07
16:38:36, -34.66, 5.84, -6.56, 0.92, 0.51, -0.08, 0.53, -0.18, -0.06
16:38:36, -155.40, -5.70, -27.34, 0.86, 0.10, -0.04, 0.53, -0.17, -0.06
16:38:36, -77.52, 11.67, -26.51, 1.51, 0.63, -1.76, 0.53, -0.17, -0.04
16:38:36, -24.51, 5.13, -8.23, 0.98, 0.42, 0.31, 0.53, -0.17, -0.04
16:38:36, 5.18, -1.94, -7.92, 0.69, 0.08, -0.89, 0.53, -0.18, -0.04
16:38:36, 286.68, -12.64, -44.97, 0.69, -0.36, -0.62, 0.54, -0.17, -0.06
16:38:36, 286.68, -24.77, 20.28, 0.75, -0.18, 0.49, 0.54, -0.14, -0.10
16:38:36, 286.68, 9.89, 28.18, 1.27, 0.12, 0.39, 0.55, -0.12, -0.12
16:38:36, 148.42, 30.87, 62.77, 1.28, 0.31, 0.16, 0.54, -0.10, -0.14
16:38:36, -5.48, 18.81, 34.36, 1.48, 1.63, -2.00, 0.54, -0.10, -0.15
16:38:37, -231.18, -116.44, -16.83, 0.84, 0.25, 0.42, 0.54, -0.14, -0.13
16:38:37, 71.64, -74.65, -53.75, 0.80, -0.14, -0.47, 0.53, -0.14, -0.15
16:38:37, 34.06, -142.40, -31.96, 0.92, 0.23, -0.13, 0.53, -0.12, -0.16
16:38:37, 12.33, -159.42, -43.77, 0.90, 0.57, 0.33, 0.50, -0.12, -0.21
16:38:37, -51.08, -157.26, -85.59, 0.89, 0.34, 0.64, 0.49, -0.11, -0.24
16:38:37, -122.89, -124.99, -88.53, 0.67, -0.19, 0.63, 0.47, -0.11, -0.25
16:38:37, -17.82, -99.13, -66.08, 0.60, -0.20, 0.51, 0.45, -0.11, -0.27
16:38:37, -16.73, -95.70, -47.75, 0.81, -0.04, 0.52, 0.43, -0.09, -0.29
16:38:37, -20.01, -89.35, -49.03, 0.79, -0.05, 0.73, 0.42, -0.09, -0.29
16:38:37, -13.94, -70.65, -46.12, 0.68, -0.01, 0.75, 0.41, -0.10, -0.31
16:38:37, -18.17, -68.84, -44.98, 0.78, -0.11, 0.59, 0.40, -0.08, -0.32
16:38:37, -4.44, -71.52, -37.72, 0.70, -0.04, 0.68, 0.39, -0.09, -0.34
16:38:37, 2.20, -67.68, -54.16, 0.67, 0.11, 0.85, 0.38, -0.08, -0.33
16:38:37, 72.54, -43.38, -65.72, 0.81, -0.06, 0.92, 0.36, -0.06, -0.35
16:38:37, -11.94, -27.56, -58.87, 0.50, -0.44, 1.02, 0.36, -0.05, -0.35
16:38:37, -9.09, -10.89, -25.02, 0.64, -0.01, 0.59, 0.36, -0.04, -0.36
16:38:37, -47.03, -12.49, -33.63, 0.63, -0.17, 0.94, 0.35, -0.04, -0.39
16:38:37, 15.61, -0.22, -31.69, 0.63, -0.17, 0.63, 0.35, -0.04, -0.37
16:38:37, -0.62, -16.01, -28.06, 0.62, -0.25, 0.65, 0.35, -0.03, -0.36
16:38:37, 1.80, -18.73, -31.89, 0.60, 0.04, 0.67, 0.35, -0.03, -0.37
16:38:37, 41.54, -37.10, -28.36, 0.64, -0.39, 0.69, 0.35, -0.03, -0.37
16:38:37, 14.63, -23.90, -36.12, 0.75, -0.35, 0.79, 0.34, -0.02, -0.38
16:38:37, -3.75, -12.61, -15.74, 0.60, -0.44, 0.59, 0.34, -0.01, -0.37
16:38:37, -9.07, -20.94, -10.15, 0.55, -0.33, 0.89, 0.33, -0.01, -0.38
16:38:37, -10.61, -15.42, -1.83, 0.52, -0.36, 0.88, 0.33, -0.01, -0.38
16:38:37, -4.35, -16.50, 8.22, 0.51, -0.26, 0.88, 0.32, -0.01, -0.39
16:38:37, 14.56, -13.34, 13.90, 0.54, -0.23, 0.84, 0.32, -0.02, -0.38
16:38:37, -1.21, -10.51, 9.27, 0.53, -0.22, 0.81, 0.32, -0.01, -0.38
16:38:37, -2.22, -8.46, 3.37, 0.55, -0.19, 0.83, 0.31, -0.01, -0.39
16:38:37, 3.63, -1.06, 1.91, 0.52, -0.18, 0.83, 0.31, -0.01, -0.38
16:38:37, 9.12, 2.75, -5.35, 0.54, -0.17, 0.84, 0.31, -0.01, -0.38
16:38:37, 17.88, 7.33, -12.23, 0.52, -0.23, 0.79, 0.32, -0.01, -0.39
16:38:37, 7.77, 9.14, -11.66, 0.52, -0.31, 0.81, 0.31, -0.01, -0.38
16:38:38, 9.75, 12.78, -5.48, 0.63, -0.34, 0.84, 0.32, -0.01, -0.38
16:38:38, 2.65, 12.83, 0.60, 0.55, -0.27, 0.75, 0.32, -0.00, -0.39
16:38:38, 6.82, 5.45, 3.53, 0.55, -0.26, 0.73, 0.32, 0.01, -0.38
16:38:38, 0.90, -0.17, -1.37, 0.53, -0.28, 0.74, 0.33, 0.00, -0.38
16:38:38, 1.29, -3.95, 0.71, 0.54, -0.30, 0.80, 0.33, 0.01, -0.38
16:38:38, -0.79, -0.71, 2.19, 0.54, -0.24, 0.81, 0.32, 0.00, -0.39
16:38:38, 0.52, 0.44, 1.20, 0.55, -0.24, 0.78, 0.32, 0.00, -0.38
16:38:38, 1.96, -0.52, -1.42, 0.55, -0.25, 0.78, 0.32, 0.00, -0.38
16:38:38, 0.42, -0.98, -2.63, 0.53, -0.27, 0.81, 0.33, 0.01, -0.37
16:38:38, -0.95, -0.20, -2.78, 0.54, -0.26, 0.78, 0.32, 0.01, -0.37
16:38:38, 1.45, -1.24, -2.35, 0.49, -0.13, 0.83, 0.33, 0.00, -0.38
16:38:38, -1.47, 3.06, -8.62, 0.69, -0.29, 0.53, 0.32, 0.00, -0.37
16:38:38, -4.10, 2.43, -5.22, 0.56, -0.31, 0.79, 0.33, 0.00, -0.38
16:38:38, 0.02, -0.18, -2.30, 0.53, -0.29, 0.73, 0.33, 0.01, -0.37
16:38:38, 3.51, -5.40, 2.29, 0.54, -0.31, 0.75, 0.33, -0.00, -0.38
16:38:38, -4.66, -4.37, 5.57, 0.54, -0.25, 0.84, 0.33, 0.01, -0.37
16:38:38, 0.55, -1.21, 4.30, 0.53, -0.22, 0.85, 0.32, 0.00, -0.38
16:38:38, -2.80, 4.61, 0.21, 0.55, -0.24, 0.79, 0.32, -0.00, -0.38
16:38:38, -0.35, 5.00, 0.33, 0.54, -0.26, 0.81, 0.32, 0.00, -0.38
16:38:38, 1.00, 6.55, -0.54, 0.55, -0.22, 0.80, 0.32, -0.01, -0.38
16:38:38, 1.59, 6.82, -2.05, 0.54, -0.28, 0.78, 0.32, 0.00, -0.38
16:38:38, -0.98, 5.73, -0.78, 0.55, -0.26, 0.76, 0.33, -0.00, -0.37
16:38:38, -3.88, 3.32, 0.58, 0.54, -0.26, 0.75, 0.33, -0.00, -0.38
16:38:38, -0.35, -0.36, 2.31, 0.55, -0.28, 0.78, 0.33, -0.00, -0.38
16:38:38, 0.06, 0.28, 4.85, 0.56, -0.26, 0.79, 0.33, -0.01, -0.38
16:38:38, -0.42, 2.22, 5.81, 0.56, -0.25, 0.81, 0.33, -0.00, -0.37
16:38:38, 0.11, 3.12, 4.93, 0.55, -0.22, 0.80, 0.33, -0.01, -0.37
16:38:38, 0.32, 4.03, 3.54, 0.56, -0.25, 0.82, 0.33, -0.00, -0.37
16:38:38, 2.35, 5.39, 4.22, 0.57, -0.24, 0.79, 0.33, -0.00, -0.37
16:38:38, 2.32, 7.84, 3.00, 0.57, -0.23, 0.81, 0.34, -0.01, -0.37
16:38:38, 2.15, 11.41, 1.12, 0.57, -0.24, 0.76, 0.34, -0.00, -0.37
16:38:38, 3.09, 10.42, 0.81, 0.58, -0.23, 0.81, 0.33, -0.01, -0.38
16:38:38, 4.61, 10.86, -0.36, 0.58, -0.25, 0.75, 0.34, -0.00, -0.37
16:38:39, 5.37, 8.75, 0.81, 0.58, -0.27, 0.72, 0.34, 0.00, -0.38
16:38:39, 1.51, 3.71, 2.54, 0.59, -0.22, 0.76, 0.35, -0.01, -0.37
16:38:39, -0.94, 4.78, 0.64, 0.57, -0.22, 0.71, 0.34, -0.00, -0.36
16:38:39, -3.20, 1.12, 0.61, 0.58, -0.25, 0.72, 0.34, -0.00, -0.37
16:38:39, 0.52, -2.79, -0.09, 0.59, -0.24, 0.73, 0.35, -0.01, -0.36
16:38:39, 0.43, -6.38, -1.14, 0.58, -0.23, 0.74, 0.35, -0.01, -0.37
16:38:39, -0.58, -8.45, -4.05, 0.58, -0.22, 0.75, 0.35, -0.00, -0.36
16:38:39, 0.64, -9.06, -7.47, 0.58, -0.24, 0.78, 0.35, -0.01, -0.36
16:38:39, -4.84, -7.33, -8.17, 0.58, -0.23, 0.77, 0.35, -0.01, -0.36
16:38:39, 0.11, -6.05, -11.91, 0.59, -0.22, 0.79, 0.34, -0.01, -0.37
16:38:39, 1.60, -6.05, -11.20, 0.60, -0.24, 0.77, 0.34, -0.01, -0.38
16:38:39, 2.50, -5.03, -7.79, 0.56, -0.31, 0.76, 0.33, -0.01, -0.37
16:38:39, 12.48, -3.10, -8.22, 0.55, -0.23, 0.84, 0.34, -0.01, -0.37
16:38:39, 0.38, 6.36, -15.65, 0.72, -0.38, 0.98, 0.34, 0.00, -0.37
16:38:39, 8.32, 18.03, -7.19, 0.60, -0.26, 0.70, 0.34, 0.00, -0.38
16:38:39, -12.64, 3.36, -2.95, 0.52, -0.27, 0.49, 0.35, 0.00, -0.37
16:38:39, 0.93, -25.46, -6.95, 0.58, -0.15, 0.64, 0.35, 0.00, -0.37
16:38:39, 6.66, -24.11, -26.20, 0.53, -0.20, 0.81, 0.34, -0.00, -0.38
16:38:39, 10.69, 6.34, -23.04, 0.55, -0.47, 0.59, 0.34, 0.01, -0.38
16:38:39, 7.39, -8.01, -8.51, 0.52, -0.49, 0.78, 0.34, 0.02, -0.38
16:38:39, 17.83, -16.21, 6.16, 0.57, -0.41, 0.68, 0.34, 0.02, -0.38
16:38:39, 18.98, -21.93, 15.58, 0.52, -0.33, 0.90, 0.33, 0.02, -0.38
16:38:39, 14.51, -10.86, 16.04, 0.54, -0.34, 0.76, 0.32, 0.02, -0.38
16:38:39, 9.65, -17.77, 19.15, 0.54, -0.20, 0.82, 0.32, 0.03, -0.38
16:38:39, 25.45, -8.39, 4.31, 0.50, -0.13, 0.96, 0.31, 0.03, -0.38
16:38:39, 35.50, 7.11, -11.83, 0.50, -0.21, 0.78, 0.31, 0.05, -0.38
16:38:39, 30.72, -0.67, -19.89, 0.54, -0.33, 0.68, 0.31, 0.07, -0.38
16:38:39, 29.23, -11.47, -15.78, 0.48, -0.38, 0.82, 0.31, 0.07, -0.38
16:38:39, 15.24, -11.82, -11.29, 0.56, -0.42, 0.54, 0.30, 0.08, -0.38
16:38:39, 17.20, -27.84, -5.04, 0.48, -0.49, 0.71, 0.29, 0.09, -0.38
16:38:39, 3.92, -25.66, 0.69, 0.48, -0.47, 0.84, 0.28, 0.09, -0.38
16:38:39, -6.62, -22.58, 9.07, 0.48, -0.42, 0.87, 0.27, 0.09, -0.39
16:38:39, -5.14, -16.59, 11.18, 0.49, -0.38, 0.84, 0.27, 0.09, -0.39
16:38:40, -7.94, -10.56, 13.01, 0.45, -0.37, 0.94, 0.26, 0.09, -0.39
16:38:40, -21.47, 0.52, 8.78, 0.47, -0.31, 0.96, 0.26, 0.08, -0.39
16:38:40, -54.42, 15.53, 0.62, 0.49, -0.26, 0.84, 0.27, 0.06, -0.39
16:38:40, -49.81, 7.66, -1.53, 0.46, -0.36, 0.70, 0.29, 0.04, -0.39
16:38:40, -41.09, 6.22, 1.47, 0.47, -0.29, 0.69, 0.29, 0.02, -0.40
16:38:40, -5.48, -8.91, 3.49, 0.53, -0.29, 0.67, 0.29, 0.02, -0.39
16:38:40, -5.83, -16.43, 6.21, 0.48, -0.26, 0.76, 0.29, 0.02, -0.40
16:38:40, -3.07, -16.27, 3.45, 0.46, -0.22, 0.85, 0.28, 0.02, -0.40
16:38:40, -2.90, -9.39, -2.30, 0.48, -0.19, 0.86, 0.28, 0.01, -0.40
16:38:40, -31.41, -12.56, -21.01, 0.60, -0.14, 0.74, 0.28, 0.01, -0.40
16:38:40, 16.16, -10.80, -33.43, 0.41, -0.22, 1.10, 0.28, 0.01, -0.40
16:38:40, 2.07, 16.35, -38.53, 0.44, -0.36, 0.92, 0.28, 0.02, -0.40
16:38:40, -7.50, 20.99, -20.88, 0.43, -0.47, 0.76, 0.28, 0.02, -0.40
16:38:40, 0.85, 20.34, 11.83, 0.43, -0.51, 0.78, 0.29, 0.02, -0.39
16:38:40, 4.72, 12.23, 26.03, 0.45, -0.32, 0.70, 0.29, 0.02, -0.39
16:38:40, 3.35, 6.06, 25.51, 0.45, -0.27, 0.76, 0.29, 0.02, -0.39
16:38:40, -2.17, -2.94, 17.64, 0.48, -0.17, 0.74, 0.30, 0.02, -0.39
16:38:40, 0.17, -13.90, 1.51, 0.46, -0.14, 0.78, 0.30, 0.01, -0.40
16:38:40, -3.19, -17.04, -10.50, 0.46, -0.29, 0.85, 0.29, 0.01, -0.40
16:38:40, -1.84, -9.98, -3.13, 0.48, -0.37, 0.91, 0.29, 0.02, -0.40
16:38:40, -5.69, -2.97, 4.28, 0.48, -0.34, 0.93, 0.28, 0.01, -0.39
16:38:40, 2.19, 5.27, 8.57, 0.45, -0.25, 0.90, 0.28, 0.01, -0.40
16:38:40, 4.36, 9.42, 4.11, 0.45, -0.20, 0.82, 0.29, 0.00, -0.40
16:38:40, 1.25, 2.47, -7.32, 0.47, -0.24, 0.72, 0.30, 0.01, -0.39
16:38:40, -2.33, -6.28, -7.00, 0.49, -0.33, 0.74, 0.29, 0.01, -0.40
16:38:40, -0.73, -6.78, -1.74, 0.45, -0.34, 0.89, 0.29, 0.02, -0.39
16:38:40, 2.07, -2.84, 3.10, 0.47, -0.28, 0.88, 0.29, 0.02, -0.40
16:38:40, 5.41, -0.56, 1.23, 0.46, -0.23, 0.79, 0.29, 0.02, -0.39
16:38:40, 1.26, -4.90, -4.30, 0.45, -0.26, 0.81, 0.29, 0.02, -0.40
16:38:40, 1.02, -3.58, -3.14, 0.46, -0.33, 0.88, 0.29, 0.02, -0.43
16:38:40, 4.35, 2.56, 0.38, 0.47, -0.27, 0.92, 0.28, 0.01, -0.39
16:38:40, 4.44, 6.25, -3.21, 0.43, -0.21, 0.78, 0.29, 0.02, -0.40
16:38:40, 1.68, 0.33, -9.84, 0.45, -0.29, 0.75, 0.29, 0.01, -0.39
16:38:40, -4.35, -6.76, -5.34, 0.46, -0.42, 0.83, 0.28, 0.02, -0.40
16:38:40, -2.27, -5.70, 7.59, 0.45, -0.39, 0.88, 0.29, 0.02, -0.39
16:38:40, 3.61, -1.90, 12.25, 0.45, -0.21, 0.88, 0.28, 0.02, -0.40
16:38:40, 2.25, 0.55, 1.88, 0.45, -0.15, 0.89, 0.28, 0.02, -0.40
16:38:41, -2.17, 5.14, -7.65, 0.46, -0.26, 0.89, 0.28, 0.01, -0.40
16:38:41, -0.38, 7.37, -5.62, 0.47, -0.35, 0.84, 0.29, 0.01, -0.39
16:38:41, 1.77, 6.62, 1.90, 0.48, -0.34, 0.81, 0.28, 0.02, -0.40
16:38:41, 1.43, 4.13, 4.42, 0.46, -0.24, 0.79, 0.29, 0.01, -0.39
16:38:41, 7.45, 0.55, -2.63, 0.46, -0.16, 0.84, 0.29, 0.01, -0.40
16:38:41, 5.87, 2.81, -13.10, 0.47, -0.23, 0.87, 0.29, 0.01, -0.39
16:38:41, 2.77, 6.28, -16.05, 0.47, -0.32, 0.83, 0.29, 0.02, -0.39
16:38:41, 2.84, 4.52, -11.69, 0.48, -0.35, 0.76, 0.29, 0.01, -0.39
16:38:41, 4.66, -2.15, -5.74, 0.47, -0.35, 0.73, 0.29, 0.01, -0.40
16:38:41, 6.87, -9.05, -3.75, 0.44, -0.32, 0.80, 0.29, 0.02, -0.39
