16:26:38, 14.47, 24.38, 3.75, -0.18, -0.12, 1.00, -0.30, 0.37, -0.50
16:26:38, 2.59, 23.11, 1.10, -0.16, -0.18, 0.92, -0.28, 0.37, -0.51
16:26:38, 8.13, 23.83, 2.13, -0.14, -0.18, 1.02, -0.27, 0.37, -0.51
16:26:38, 10.61, 30.07, 2.01, -0.13, -0.18, 0.98, -0.26, 0.37, -0.51
16:26:38, 1.71, 22.61, 3.26, -0.12, -0.20, 0.86, -0.25, 0.37, -0.52
16:26:38, 3.62, 17.08, 3.18, -0.11, -0.20, 0.93, -0.24, 0.36, -0.52
16:26:38, 10.36, 17.21, 4.69, -0.10, -0.19, 0.97, -0.23, 0.36, -0.52
16:26:38, 13.83, 15.26, 4.45, -0.09, -0.20, 0.87, -0.22, 0.36, -0.51
16:26:38, 6.97, -1.83, -0.93, -0.05, -0.19, 0.94, -0.22, 0.36, -0.52
16:26:38, 9.98, 1.65, -2.41, -0.10, -0.20, 1.08, -0.21, 0.36, -0.52
16:26:39, 17.43, 9.89, -3.87, -0.06, -0.22, 1.03, -0.21, 0.36, -0.52
16:26:39, 16.88, 11.10, -5.73, -0.08, -0.19, 0.96, -0.21, 0.36, -0.52
16:26:39, 5.59, 4.29, -6.77, -0.07, -0.22, 0.83, -0.20, 0.37, -0.52
16:26:39, -3.18, -0.63, -6.44, -0.06, -0.25, 1.00, -0.20, 0.36, -0.53
16:26:39, 2.14, 2.38, -0.87, -0.10, -0.26, 1.14, -0.21, 0.36, -0.52
16:26:39, 12.26, 9.92, 0.38, -0.07, -0.21, 1.00, -0.21, 0.36, -0.52
16:26:39, 12.56, 12.21, 1.34, -0.05, -0.27, 0.97, -0.20, 0.36, -0.51
16:26:39, 9.82, 12.01, 8.88, -0.08, -0.29, 0.99, -0.20, 0.37, -0.52
16:26:39, 18.37, 13.69, 9.94, -0.03, -0.20, 0.95, -0.19, 0.37, -0.52
16:26:39, 17.05, 9.77, 5.99, -0.05, -0.19, 0.91, -0.18, 0.37, -0.51
16:26:39, -2.94, 5.91, 1.21, 0.03, -0.20, 0.86, -0.17, 0.37, -0.51
16:26:39, 7.05, 6.04, -0.11, -0.03, -0.24, 0.93, -0.17, 0.37, -0.51
16:26:39, -4.57, 3.89, -0.43, -0.02, -0.29, 0.93, -0.17, 0.37, -0.51
16:26:39, -14.17, 0.66, 0.81, -0.03, -0.26, 0.94, -0.17, 0.36, -0.51
16:26:39, -34.79, 0.83, 4.62, -0.07, -0.28, 1.03, -0.17, 0.36, -0.52
16:26:39, -59.68, 3.77, 7.97, -0.01, -0.24, 1.05, -0.16, 0.34, -0.52
16:26:39, -47.85, 12.54, 7.22, 0.08, -0.11, 1.15, -0.15, 0.31, -0.53
16:26:39, -37.96, 14.56, 5.01, 0.02, -0.14, 0.94, -0.15, 0.30, -0.53
16:26:39, -39.79, 10.68, 1.21, -0.03, -0.08, 0.92, -0.14, 0.28, -0.53
16:26:39, -30.10, 6.22, -3.66, 0.06, -0.06, 0.97, -0.13, 0.26, -0.53
16:26:39, 6.06, 7.03, -2.46, 0.06, -0.16, 1.13, -0.13, 0.25, -0.55
16:26:39, 6.68, 5.78, 2.84, 0.00, -0.12, 0.97, -0.12, 0.25, -0.54
16:26:39, 9.27, 6.40, 3.48, -0.00, -0.16, 1.00, -0.12, 0.24, -0.54
16:26:39, 25.41, 9.54, 6.62, 0.03, -0.13, 1.03, -0.12, 0.25, -0.55
16:26:39, 62.21, 22.38, 3.38, 0.01, -0.15, 0.99, -0.12, 0.27, -0.53
16:26:39, 37.45, 20.60, 2.47, 0.05, -0.15, 0.86, -0.12, 0.29, -0.53
16:26:39, 19.44, 14.85, 0.11, 0.07, -0.21, 0.95, -0.12, 0.31, -0.52
16:26:39, 24.39, 8.03, 2.71, 0.04, -0.19, 0.93, -0.11, 0.32, -0.52
16:26:39, 20.89, 3.29, 3.26, 0.05, -0.21, 0.89, -0.12, 0.32, -0.52
16:26:39, -0.43, -7.93, -0.29, 0.06, -0.13, 0.89, -0.11, 0.33, -0.52
16:26:39, -32.79, -16.80, -1.18, 0.10, -0.31, 0.92, -0.11, 0.32, -0.52
16:26:39, -21.69, -5.57, 7.03, -0.00, -0.17, 1.03, -0.10, 0.30, -0.52
16:26:39, -11.14, 2.73, 3.93, 0.09, -0.23, 0.94, -0.10, 0.29, -0.52
16:26:40, -4.76, 5.28, 5.69, 0.06, -0.11, 0.99, -0.10, 0.29, -0.52
16:26:40, -5.92, 3.18, 0.31, 0.06, -0.12, 1.00, -0.10, 0.29, -0.52
16:26:40, -7.53, 6.97, -2.19, 0.06, -0.14, 1.02, -0.10, 0.28, -0.53
16:26:40, -4.38, 6.41, -4.09, 0.08, -0.16, 1.01, -0.10, 0.29, -0.53
16:26:40, 3.02, 2.70, -5.86, 0.06, -0.11, 0.87, -0.11, 0.29, -0.53
16:26:40, -7.45, -2.24, -5.57, 0.06, -0.17, 0.99, -0.10, 0.29, -0.53
16:26:40, 3.54, -3.08, -3.96, 0.08, -0.15, 1.04, -0.11, 0.29, -0.53
16:26:40, 14.81, 2.59, -0.83, 0.08, -0.10, 1.04, -0.11, 0.29, -0.52
16:26:40, 17.05, 3.95, -1.58, 0.08, -0.20, 1.01, -0.11, 0.30, -0.53
16:26:40, 11.20, 4.33, -4.24, 0.09, -0.15, 0.99, -0.11, 0.31, -0.53
16:26:40, 14.11, 3.76, -6.48, 0.06, -0.16, 1.01, -0.11, 0.31, -0.53
16:26:40, 21.33, 10.73, -9.51, -0.11, -0.13, 1.60, -0.10, 0.31, -0.53
16:26:40, 25.03, 10.73, -7.51, -0.06, -0.07, 1.12, -0.10, 0.32, -0.52
16:26:40, 23.53, 9.65, -1.91, 0.05, -0.25, 1.00, -0.10, 0.32, -0.52
16:26:40, 15.71, 3.50, -1.59, 0.03, -0.24, 0.93, -0.10, 0.33, -0.52
16:26:40, -3.55, 1.30, -3.80, 0.13, -0.19, 1.02, -0.10, 0.33, -0.53
16:26:40, 9.63, 8.85, -6.25, 0.09, -0.25, 1.12, -0.10, 0.33, -0.52
16:26:40, 13.66, 19.69, -4.46, 0.12, -0.25, 1.02, -0.10, 0.33, -0.52
16:26:40, 43.05, 25.52, -4.58, 0.12, -0.22, 0.98, -0.09, 0.33, -0.52
16:26:40, 36.97, 30.34, -8.71, 0.28, -1.83, 0.96, -0.07, 0.34, -0.51
16:26:40, 34.03, 18.42, -7.53, -0.01, -0.39, 0.85, -0.06, 0.34, -0.51
16:26:40, 18.95, 15.57, 0.88, 0.12, -0.33, 0.88, -0.06, 0.35, -0.51
16:26:40, 41.67, 12.24, -3.34, 0.15, -0.21, 0.82, -0.05, 0.35, -0.50
16:26:40, 36.75, -4.52, -11.11, 0.08, -0.31, 0.79, -0.05, 0.36, -0.50
16:26:40, 60.49, -10.08, -12.13, 0.05, -0.34, 0.97, -0.05, 0.37, -0.49
16:26:40, 69.36, -2.16, -19.74, 0.05, -0.27, 0.88, -0.05, 0.40, -0.48
16:26:40, 4.65, -10.47, -31.00, 0.15, -0.47, 0.77, -0.06, 0.41, -0.48
16:26:40, -42.88, -3.98, -17.54, 0.29, -0.65, 1.23, -0.08, 0.41, -0.49
16:26:40, -15.18, 22.16, 9.54, 0.13, -0.49, 0.97, -0.08, 0.41, -0.50
16:26:40, -40.73, 30.63, 27.55, 0.14, -0.57, 1.00, -0.07, 0.40, -0.50
16:26:40, -61.97, 43.13, 45.11, 0.13, -0.43, 0.89, -0.05, 0.37, -0.51
16:26:40, -34.43, 25.06, 40.48, 0.16, -0.23, 0.82, -0.04, 0.36, -0.51
16:26:40, 1.58, 17.07, 32.89, 0.20, -0.28, 0.86, -0.02, 0.35, -0.50
16:26:40, -4.22, 11.63, 25.27, 0.36, -0.19, 0.78, -0.01, 0.35, -0.50
16:26:41, -29.27, -11.22, 9.25, 0.08, -0.10, 0.79, -0.01, 0.34, -0.49
16:26:41, -11.65, -17.67, -8.51, 0.23, -0.24, 0.90, -0.02, 0.34, -0.50
16:26:41, -1.13, -27.13, -5.28, 0.19, -0.40, 0.92, -0.02, 0.34, -0.50
16:26:41, -8.40, -17.37, 8.52, 0.22, -0.37, 1.17, -0.03, 0.34, -0.50
16:26:41, 17.88, 6.49, 10.71, 0.17, -0.01, 1.23, -0.03, 0.34, -0.50
16:26:41, 7.60, 4.12, -3.78, 0.22, -0.18, 0.95, -0.02, 0.35, -0.50
16:26:41, -10.32, 10.15, -8.74, 0.24, -0.32, 1.06, -0.03, 0.35, -0.49
16:26:41, 5.69, 19.70, 1.14, 0.21, -0.39, 0.96, -0.02, 0.34, -0.50
16:26:41, -35.08, 13.14, 9.90, 0.25, -0.24, 0.93, -0.02, 0.34, -0.50
16:26:41, 0.59, 11.92, 2.95, 0.18, -0.22, 0.88, -0.01, 0.33, -0.50
16:26:41, -2.48, 6.34, -1.31, 0.23, -0.33, 0.93, -0.01, 0.33, -0.51
16:26:41, 23.62, 13.45, -1.58, 0.25, -0.26, 0.92, 0.00, 0.32, -0.50
16:26:41, 11.83, 9.31, -3.16, 0.28, -0.27, 0.84, 0.00, 0.33, -0.50
16:26:41, 12.64, 2.28, -3.03, 0.24, -0.27, 0.87, 0.01, 0.33, -0.50
16:26:41, 1.91, -2.10, -3.86, 0.21, -0.28, 0.94, 0.01, 0.33, -0.50
16:26:41, -4.43, -0.14, -6.03, 0.29, -0.29, 0.90, 0.01, 0.33, -0.50
16:26:41, 7.77, -0.47, -6.79, 0.25, -0.29, 0.96, 0.01, 0.33, -0.50
16:26:41, 10.22, 8.57, -6.70, 0.20, -0.32, 1.00, 0.01, 0.33, -0.50
16:26:41, 4.19, 10.37, -5.18, 0.24, -0.29, 0.87, 0.02, 0.33, -0.50
16:26:41, 1.83, 3.88, -5.66, 0.25, -0.31, 0.86, 0.02, 0.33, -0.50
16:26:41, 5.14, -0.12, -6.92, 0.26, -0.30, 0.88, 0.02, 0.32, -0.50
16:26:41, 0.38, -0.42, -6.98, 0.23, -0.33, 0.95, 0.03, 0.32, -0.50
16:26:41, 7.52, 5.39, -3.27, 0.25, -0.33, 0.93, 0.03, 0.31, -0.50
16:26:41, 9.82, 5.70, -3.47, 0.24, -0.31, 0.92, 0.04, 0.31, -0.50
16:26:41, 9.72, 8.43, -4.45, 0.24, -0.31, 0.93, 0.05, 0.31, -0.50
16:26:41, 3.55, 9.69, -4.97, 0.25, -0.33, 0.90, 0.05, 0.31, -0.50
16:26:41, -0.10, 8.98, -1.63, 0.26, -0.31, 0.86, 0.06, 0.30, -0.50
16:26:41, -7.27, 2.45, -1.05, 0.26, -0.33, 0.89, 0.06, 0.30, -0.50
16:26:41, -7.81, 2.20, -0.52, 0.26, -0.33, 0.92, 0.06, 0.29, -0.50
16:26:41, -6.89, -1.15, -0.24, 0.23, -0.32, 0.87, 0.06, 0.29, -0.50
16:26:41, 4.59, -4.29, 0.43, 0.28, -0.30, 0.92, 0.06, 0.29, -0.51
16:26:41, 5.58, -3.08, 1.62, 0.25, -0.35, 0.97, 0.06, 0.30, -0.50
16:26:41, -30.23, 0.02, 11.06, 0.15, -0.29, 0.74, 0.05, 0.30, -0.50
16:26:42, -20.79, -14.60, 8.75, 0.28, -0.31, 0.91, 0.04, 0.31, -0.50
16:26:42, 10.11, -9.35, 9.79, 0.33, -0.32, 1.03, 0.03, 0.31, -0.51
16:26:42, 27.32, 2.00, 11.73, 0.29, -0.29, 1.05, 0.02, 0.32, -0.50
16:26:42, 26.99, 15.52, 11.55, 0.28, -0.16, 0.89, 0.03, 0.33, -0.50
16:26:42, -2.62, 12.86, 6.86, 0.27, -0.26, 0.86, 0.03, 0.34, -0.49
16:26:42, 1.48, 7.71, 7.94, 0.27, -0.38, 0.89, 0.03, 0.34, -0.49
16:26:42, -14.59, 7.47, 16.06, 0.27, -0.35, 0.96, 0.03, 0.33, -0.49
16:26:42, -18.63, 14.77, 16.18, 0.29, -0.25, 0.95, 0.04, 0.33, -0.50
16:26:42, -12.76, 17.27, 17.05, 0.28, -0.37, 0.96, 0.05, 0.32, -0.49
16:26:42, -28.31, 31.79, 34.93, 0.36, -0.23, 1.06, 0.05, 0.31, -0.49
16:26:42, -21.38, 48.52, 33.37, 0.35, -0.20, 0.99, 0.07, 0.30, -0.50
16:26:42, -6.27, 61.10, 31.55, 0.34, -0.24, 1.01, 0.08, 0.29, -0.49
16:26:42, -18.47, 70.95, 20.87, 0.37, -0.00, 0.91, 0.11, 0.28, -0.48
16:26:42, 8.98, 66.17, -2.09, 0.36, -0.05, 0.85, 0.13, 0.28, -0.48
16:26:42, 1.36, 63.92, -8.10, 0.49, -0.18, 0.91, 0.14, 0.28, -0.47
16:26:42, 0.20, 69.82, -2.15, 0.54, -0.30, 0.85, 0.16, 0.27, -0.46
16:26:42, 77.00, 62.13, 13.91, 0.62, -0.24, 0.66, 0.18, 0.27, -0.46
16:26:42, 79.50, 39.94, 8.02, 0.47, -0.28, 0.49, 0.20, 0.29, -0.44
16:26:42, -23.10, 24.28, 18.39, 0.60, -0.42, 0.87, 0.21, 0.30, -0.44
16:26:42, -24.57, 46.68, 31.03, 0.57, -0.22, 0.94, 0.21, 0.29, -0.43
16:26:42, 43.18, 60.45, 20.25, 0.58, -0.03, 0.80, 0.23, 0.28, -0.43
16:26:42, 11.40, 49.92, 8.53, 0.61, -0.33, 0.52, 0.25, 0.29, -0.41
16:26:42, -23.62, 38.26, 16.63, 0.66, -0.08, 0.81, 0.27, 0.29, -0.40
16:26:42, 23.63, 57.58, 8.23, 0.63, -0.21, 0.80, 0.28, 0.28, -0.40
16:26:42, 37.42, 58.48, 16.32, 0.71, -0.48, 0.54, 0.30, 0.29, -0.38
16:26:42, 21.55, 43.41, 22.98, 0.68, -0.15, 0.49, 0.31, 0.29, -0.37
16:26:42, -5.83, 35.75, 19.37, 0.57, -0.23, 0.61, 0.32, 0.29, -0.37
16:26:42, 11.23, 35.67, 30.98, 0.80, -0.29, 0.62, 0.33, 0.28, -0.36
16:26:42, -2.62, 36.18, 28.59, 0.90, -0.26, 0.58, 0.34, 0.28, -0.35
16:26:42, -18.10, 29.68, 33.31, 0.80, -0.25, 0.44, 0.35, 0.28, -0.34
16:26:42, -46.67, 17.47, 37.56, 0.73, -0.25, 0.53, 0.36, 0.26, -0.34
16:26:42, -19.36, 23.19, 40.07, 0.93, -0.14, 0.31, 0.37, 0.24, -0.34
16:26:42, -48.10, 21.53, 40.99, 0.73, -0.41, 0.38, 0.37, 0.23, -0.34
16:26:43, 55.59, 12.09, 57.60, 0.76, 0.19, 0.66, 0.39, 0.22, -0.33
16:26:43, -5.05, 32.95, 20.75, 0.80, 0.34, 0.79, 0.40, 0.22, -0.32
16:26:43, -25.03, 40.09, -5.42, 0.79, -0.07, 0.34, 0.40, 0.22, -0.32
16:26:43, -14.85, 30.07, -12.77, 0.85, 0.20, 0.44, 0.41, 0.22, -0.32
16:26:43, -34.51, 12.00, -40.17, 0.89, -0.09, 0.15, 0.41, 0.21, -0.31
16:26:43, -20.46, 5.87, -39.04, 0.76, -0.11, 0.51, 0.41, 0.20, -0.32
16:26:43, 7.95, 5.04, -27.01, 0.90, -0.21, 0.36, 0.41, 0.20, -0.32
16:26:43, -10.96, 14.15, -26.48, 0.76, -0.23, 0.53, 0.41, 0.21, -0.32
16:26:43, -17.13, 9.35, -14.15, 0.90, -0.12, 0.41, 0.42, 0.21, -0.31
16:26:43, -0.45, 12.28, -2.08, 0.85, -0.15, 0.56, 0.42, 0.20, -0.31
16:26:43, -9.26, 14.81, 3.23, 0.79, -0.11, 0.40, 0.42, 0.21, -0.31
16:26:43, -17.71, 9.64, -2.80, 0.89, -0.09, 0.41, 0.42, 0.21, -0.31
16:26:43, -9.12, 4.66, -2.79, 0.89, -0.06, 0.48, 0.42, 0.21, -0.31
16:26:43, -10.54, 2.97, -3.37, 0.86, -0.08, 0.44, 0.41, 0.21, -0.30
16:26:43, -9.62, 1.98, -2.90, 0.85, -0.14, 0.45, 0.41, 0.20, -0.30
16:26:43, -3.66, 0.60, -2.07, 0.85, -0.13, 0.45, 0.42, 0.20, -0.31
16:26:43, -0.57, -1.24, 3.29, 0.89, -0.06, 0.44, 0.42, 0.20, -0.31
16:26:43, -1.14, -0.72, -1.09, 0.86, 0.01, 0.47, 0.42, 0.20, -0.30
16:26:43, -3.22, -0.99, -5.26, 0.85, -0.13, 0.45, 0.42, 0.20, -0.31
16:26:43, 7.83, 1.36, -1.76, 0.86, -0.15, 0.45, 0.42, 0.19, -0.31
16:26:43, 11.02, -2.65, 5.26, 0.86, -0.12, 0.42, 0.42, 0.19, -0.31
16:26:43, 7.80, -8.46, 7.27, 0.84, -0.09, 0.44, 0.42, 0.19, -0.31
16:26:43, 10.61, -5.56, 3.83, 0.81, -0.24, 0.29, 0.42, 0.19, -0.31
16:26:43, 48.61, -18.39, 8.38, 0.86, -0.07, 0.50, 0.42, 0.20, -0.31
16:26:43, 6.11, -12.81, -19.44, 0.77, 0.33, 0.25, 0.42, 0.21, -0.32
16:26:43, 2.56, -36.50, -52.91, 0.75, 0.15, 0.22, 0.41, 0.21, -0.31
16:26:43, -24.86, -75.94, -70.18, 0.91, -1.21, 0.23, 0.40, 0.22, -0.33
16:26:43, -73.04, -132.37, -35.23, 0.67, -0.37, 0.26, 0.37, 0.22, -0.36
16:26:43, -69.98, -159.89, 9.22, 0.59, -0.42, 0.61, 0.33, 0.20, -0.40
16:26:43, 19.48, -168.47, 40.23, 0.63, -0.10, 0.50, 0.30, 0.19, -0.42
16:26:43, -32.60, -186.65, 27.91, 0.50, -0.03, 0.80, 0.26, 0.20, -0.44
16:26:43, -21.35, -167.37, 26.05, 0.37, -0.04, 1.08, 0.20, 0.20, -0.47
16:26:43, 26.03, -154.48, 27.71, 0.44, -0.10, 0.87, 0.16, 0.21, -0.49
16:26:44, 44.46, -156.04, 16.94, 0.25, 0.04, 0.91, 0.13, 0.22, -0.49
16:26:44, 0.92, -152.15, -10.02, 0.19, 0.34, 1.05, 0.07, 0.24, -0.50
16:26:44, 7.62, -143.54, -54.11, 0.17, 0.15, 0.86, 0.03, 0.25, -0.51
16:26:44, -38.30, -147.25, -74.85, 0.01, -0.02, 1.16, -0.04, 0.25, -0.52
16:26:44, -47.53, -100.21, -52.44, 0.15, -0.97, 1.92, -0.06, 0.25, -0.54
16:26:44, -0.73, -15.27, 28.67, 0.06, -0.31, 1.60, -0.11, 0.24, -0.54
16:26:44, 57.44, 15.83, 39.46, 0.03, -0.06, 0.76, -0.11, 0.25, -0.53
16:26:44, 13.54, -26.26, 34.51, 0.06, -0.03, 0.57, -0.10, 0.26, -0.52
16:26:44, -10.81, -61.40, 25.29, 0.00, -0.01, 0.85, -0.11, 0.27, -0.52
16:26:44, -6.14, -66.18, 18.39, -0.00, -0.07, 1.11, -0.14, 0.28, -0.52
16:26:44, 8.98, -44.17, 19.94, -0.00, -0.18, 1.26, -0.16, 0.29, -0.51
16:26:44, -2.84, -14.74, 28.44, -0.03, -0.07, 1.20, -0.17, 0.30, -0.52
16:26:44, -10.69, 1.58, 17.40, -0.17, 0.18, 1.08, -0.17, 0.30, -0.50
16:26:44, 1.78, 0.88, -0.12, -0.05, 0.08, 0.94, -0.17, 0.30, -0.50
16:26:44, 10.26, 0.59, -10.11, -0.02, -0.09, 1.01, -0.17, 0.30, -0.50
16:26:44, -1.11, 4.63, -5.03, -0.02, -0.18, 1.12, -0.17, 0.30, -0.50
16:26:44, 2.81, 12.10, -3.62, -0.03, 0.05, 0.96, -0.16, 0.30, -0.51
16:26:44, 25.89, 5.08, -24.74, -0.09, 0.13, 0.72, -0.16, 0.31, -0.51
16:26:44, -4.48, -9.76, -29.24, -0.05, -0.27, 1.05, -0.16, 0.31, -0.50
16:26:44, -15.08, -6.21, 8.88, 0.06, -0.52, 1.19, -0.17, 0.30, -0.50
16:26:44, 1.70, 7.01, 21.38, 0.00, 0.09, 0.96, -0.17, 0.30, -0.51
16:26:44, -1.01, 10.24, 5.17, -0.02, -0.00, 1.07, -0.16, 0.30, -0.51
16:26:44, 4.15, 14.44, -2.38, -0.02, -0.09, 1.00, -0.16, 0.30, -0.51
16:26:44, -2.10, 15.97, -0.99, -0.01, -0.12, 1.02, -0.16, 0.30, -0.51
16:26:44, -20.61, 13.49, 0.70, -0.04, -0.07, 1.18, -0.15, 0.29, -0.51
16:26:44, 19.70, 24.91, -1.04, 0.00, -0.15, 0.94, -0.15, 0.29, -0.52
16:26:44, 9.81, 23.99, 3.58, 0.02, -0.13, 1.05, -0.14, 0.29, -0.51
16:26:44, 16.84, 24.87, 3.94, 0.03, -0.14, 0.91, -0.13, 0.29, -0.51
16:26:44, 4.37, 16.07, 2.31, 0.06, -0.08, 0.95, -0.12, 0.29, -0.51
16:26:44, -0.81, 13.50, 0.90, 0.03, -0.09, 0.98, -0.11, 0.29, -0.51
16:26:44, 7.72, 12.49, -1.90, 0.07, -0.09, 0.98, -0.11, 0.29, -0.52
16:26:44, 1.39, 11.08, -6.22, 0.06, -0.08, 1.00, -0.10, 0.29, -0.51
16:26:44, 5.70, 12.13, -11.81, 0.08, -0.07, 0.97, -0.10, 0.29, -0.51
16:26:45, 3.31, 11.58, -15.14, 0.07, -0.11, 1.04, -0.10, 0.29, -0.51
16:26:45, 17.15, 15.99, -16.99, 0.08, -0.10, 1.00, -0.09, 0.29, -0.51
16:26:45, 11.41, 17.53, -17.77, 0.10, -0.17, 0.99, -0.09, 0.30, -0.51
16:26:45, 5.39, 18.06, -12.70, 0.11, -0.20, 0.99, -0.08, 0.29, -0.51
16:26:45, 6.97, 16.47, -5.15, 0.12, -0.20, 0.95, -0.08, 0.29, -0.52
16:26:45, 4.18, 13.18, -1.18, 0.12, -0.15, 0.98, -0.07, 0.29, -0.51
16:26:45, 3.22, 12.39, -1.06, 0.13, -0.15, 0.97, -0.07, 0.29, -0.51
16:26:45, -2.37, 9.63, 0.81, 0.15, -0.17, 0.93, -0.07, 0.29, -0.52
16:26:45, 0.60, 5.20, 3.15, 0.12, -0.16, 0.92, -0.06, 0.29, -0.52
16:26:45, -3.33, -1.26, 4.89, 0.14, -0.17, 0.94, -0.06, 0.28, -0.51
16:26:45, -5.07, -3.46, 9.78, 0.14, -0.19, 0.97, -0.06, 0.28, -0.51
16:26:45, -0.98, -2.72, 12.20, 0.15, -0.14, 1.01, -0.06, 0.28, -0.52
16:26:45, 0.16, -3.19, 11.81, 0.13, -0.11, 0.94, -0.06, 0.29, -0.51
16:26:45, -3.15, -8.09, 8.60, 0.15, -0.11, 0.95, -0.06, 0.28, -0.51
16:26:45, -4.31, -7.87, 6.89, 0.13, -0.09, 1.03, -0.06, 0.28, -0.51
16:26:45, 0.45, -3.28, 2.67, 0.13, -0.09, 1.01, -0.06, 0.28, -0.51
16:26:45, 3.54, -0.70, -1.31, 0.13, -0.07, 0.97, -0.07, 0.28, -0.51
16:26:45, 5.08, -3.31, -7.10, 0.13, -0.08, 0.95, -0.07, 0.29, -0.51
16:26:45, 6.53, -6.03, -10.23, 0.13, -0.13, 0.98, -0.06, 0.29, -0.51
16:26:45, 4.02, -7.13, -8.86, 0.12, -0.16, 0.97, -0.07, 0.28, -0.50
16:26:45, 2.09, -9.53, -5.40, 0.12, -0.16, 0.97, -0.08, 0.29, -0.51
16:26:45, -0.80, -9.44, -0.88, 0.12, -0.17, 1.03, -0.07, 0.29, -0.51
16:26:45, -1.95, -2.07, 2.23, 0.11, -0.16, 1.09, -0.08, 0.29, -0.51
16:26:45, -0.03, 7.87, 3.74, 0.10, -0.13, 1.01, -0.08, 0.29, -0.52
16:26:45, 0.81, 5.62, 1.39, 0.11, -0.10, 0.93, -0.08, 0.29, -0.51
16:26:45, 2.16, 3.13, -0.66, 0.12, -0.13, 0.99, -0.07, 0.29, -0.52
16:26:45, 2.00, 3.53, -0.60, 0.12, -0.14, 0.99, -0.07, 0.29, -0.51
16:26:45, 1.98, 5.35, 0.19, 0.13, -0.15, 1.00, -0.07, 0.29, -0.51
16:26:45, 2.63, 5.73, 0.55, 0.13, -0.13, 0.98, -0.07, 0.29, -0.51
16:26:45, 1.12, 8.28, 0.68, 0.13, -0.14, 1.02, -0.07, 0.29, -0.51
16:26:45, 2.97, 9.96, 1.60, 0.13, -0.14, 0.97, -0.06, 0.29, -0.51
16:26:45, 1.70, 10.16, 2.63, 0.14, -0.14, 1.00, -0.06, 0.29, -0.51
16:26:45, 3.97, 11.49, 3.23, 0.14, -0.12, 0.97, -0.06, 0.29, -0.52
16:26:46, 2.77, 11.11, 1.66, 0.15, -0.13, 0.98, -0.05, 0.29, -0.52
16:26:46, 2.75, 11.76, 1.78, 0.16, -0.15, 0.98, -0.04, 0.29, -0.52
16:26:46, 2.38, 10.98, 2.65, 0.17, -0.14, 0.97, -0.04, 0.28, -0.51
16:26:46, 2.17, 10.17, 3.36, 0.17, -0.14, 0.98, -0.04, 0.28, -0.52
16:26:46, 1.69, 7.91, 3.04, 0.18, -0.12, 0.93, -0.04, 0.28, -0.51
16:26:46, 1.79, 3.71, 0.65, 0.18, -0.11, 0.95, -0.03, 0.28, -0.51
16:26:46, 3.22, 0.94, -1.81, 0.18, -0.12, 0.94, -0.03, 0.28, -0.51
16:26:46, 2.15, -0.70, -2.77, 0.18, -0.13, 0.97, -0.03, 0.28, -0.50
16:26:46, 2.98, -1.40, -2.86, 0.18, -0.15, 0.98, -0.03, 0.28, -0.51
16:26:46, 1.97, 0.68, -1.71, 0.19, -0.16, 1.00, -0.03, 0.29, -0.51
16:26:46, 2.93, 2.62, 0.54, 0.19, -0.15, 0.99, -0.03, 0.28, -0.51
16:26:46, 1.78, 4.69, 1.84, 0.19, -0.16, 0.99, -0.03, 0.29, -0.51
16:26:46, 2.04, 6.26, 2.62, 0.19, -0.15, 0.98, -0.02, 0.29, -0.51
16:26:46, 2.02, 6.92, 2.88, 0.19, -0.15, 0.97, -0.03, 0.29, -0.50
16:26:46, 1.09, 6.24, 3.03, 0.20, -0.14, 0.97, -0.02, 0.29, -0.50
16:26:46, 0.90, 5.34, 2.90, 0.20, -0.14, 0.95, -0.02, 0.28, -0.50
16:26:46, 1.10, 3.99, 2.36, 0.21, -0.14, 0.96, -0.02, 0.29, -0.51
16:26:46, 1.29, 2.54, 1.45, 0.20, -0.13, 0.95, -0.01, 0.29, -0.51
16:26:46, 0.60, 1.36, 0.31, 0.20, -0.14, 0.96, -0.01, 0.29, -0.52
16:26:46, 1.15, 1.97, -2.23, 0.21, -0.15, 0.98, -0.01, 0.29, -0.51
16:26:46, 1.30, 3.39, 0.48, 0.21, -0.15, 0.97, -0.01, 0.28, -0.51
16:26:46, 1.04, 3.88, 0.79, 0.21, -0.14, 0.95, -0.01, 0.29, -0.51
16:26:46, 1.01, 4.53, 0.38, 0.22, -0.14, 0.98, -0.01, 0.29, -0.51
16:26:46, 1.21, 5.86, 0.25, 0.22, -0.15, 0.96, -0.01, 0.29, -0.51
16:26:46, 1.39, 4.95, 0.48, 0.22, -0.14, 0.96, -0.01, 0.29, -0.51
16:26:46, 1.11, 5.51, 0.24, 0.23, -0.14, 0.97, -0.01, 0.29, -0.50
16:26:46, 1.68, 6.43, 0.51, 0.23, -0.15, 0.97, -0.00, 0.28, -0.50
16:26:46, 1.75, 5.70, 1.06, 0.23, -0.14, 0.95, -0.00, 0.29, -0.50
16:26:46, 1.96, 4.30, 0.65, 0.23, -0.14, 0.95, 0.00, 0.29, -0.51
16:26:46, 1.64, 3.28, 0.64, 0.23, -0.14, 0.96, 0.00, 0.28, -0.51
16:26:46, 1.30, 2.88, 0.45, 0.23, -0.14, 0.95, -0.00, 0.28, -0.50
16:26:46, 2.28, 2.52, 0.02, 0.24, -0.14, 0.95, 0.01, 0.28, -0.51
16:26:46, 2.55, 0.78, -0.37, 0.24, -0.14, 0.95, 0.01, 0.28, -0.51
16:26:46, 2.13, 0.14, -0.79, 0.24, -0.15, 0.97, 0.01, 0.29, -0.50
16:26:47, 2.12, 0.35, 0.04, 0.24, -0.16, 0.96, 0.01, 0.28, -0.50
16:26:47, 2.18, 0.94, 1.13, 0.24, -0.15, 0.96, 0.02, 0.29, -0.50
16:26:47, 2.50, 0.94, 0.38, 0.24, -0.14, 0.95, 0.01, 0.29, -0.50
16:26:47, 3.05, 1.06, -0.36, 0.24, -0.15, 0.96, 0.01, 0.29, -0.50
16:26:47, 3.58, 3.26, -1.71, 0.24, -0.16, 0.96, 0.02, 0.29, -0.50
16:26:47, 5.30, 7.14, -3.68, 0.26, -0.17, 0.96, 0.01, 0.29, -0.50
16:26:47, 5.86, 10.80, -8.37, 0.29, -0.18, 0.96, 0.02, 0.29, -0.50
16:26:47, 9.87, 14.29, -15.72, 0.29, -0.23, 0.95, 0.02, 0.29, -0.50
16:26:47, 4.51, 17.16, -11.67, 0.23, -0.18, 0.95, 0.02, 0.29, -0.50
16:26:47, -1.61, 19.21, -13.77, 0.28, -0.18, 0.92, 0.02, 0.29, -0.50
16:26:47, -7.60, 10.93, -10.28, 0.24, -0.14, 0.93, 0.03, 0.29, -0.50
16:26:47, -14.51, 7.31, -10.71, 0.28, -0.15, 0.97, 0.03, 0.29, -0.50
16:26:47, -18.22, 5.72, -3.87, 0.27, -0.13, 0.94, 0.03, 0.28, -0.50
16:26:47, -8.28, 0.68, -0.04, 0.29, -0.13, 0.94, 0.03, 0.27, -0.50
16:26:47, -11.61, -2.61, 3.56, 0.29, -0.16, 0.96, 0.03, 0.27, -0.50
16:26:47, -5.43, -4.35, 7.24, 0.27, -0.16, 0.94, 0.03, 0.26, -0.51
16:26:47, -11.42, -10.66, 13.06, 0.26, -0.18, 0.96, 0.03, 0.27, -0.50
16:26:47, -25.80, -9.84, 21.56, 0.28, -0.15, 0.99, 0.03, 0.26, -0.50
16:26:47, -22.30, -11.10, 26.64, 0.27, -0.12, 0.95, 0.02, 0.26, -0.51
16:26:47, -17.68, -12.48, 27.15, 0.28, -0.06, 0.93, 0.02, 0.25, -0.50
16:26:47, -6.78, -19.25, 27.98, 0.27, -0.03, 0.92, 0.03, 0.24, -0.51
16:26:47, -9.90, -21.13, 18.39, 0.23, 0.03, 1.00, 0.01, 0.24, -0.51
16:26:47, -0.45, -12.43, 8.49, 0.22, -0.01, 1.05, 0.01, 0.24, -0.50
16:26:47, 6.97, -4.18, 3.75, 0.24, -0.02, 1.04, 0.01, 0.24, -0.50
16:26:47, 3.81, 5.81, 0.46, 0.22, 0.00, 1.12, 0.01, 0.24, -0.50
16:26:47, 5.07, 28.35, -11.26, 0.25, -0.01, 1.18, 0.01, 0.24, -0.50
16:26:47, 6.50, 52.82, -17.86, 0.25, -0.01, 1.19, 0.02, 0.24, -0.49
16:26:47, 19.01, 77.33, -19.05, 0.29, -0.04, 1.13, 0.04, 0.23, -0.50
16:26:47, 19.49, 96.82, -17.52, 0.30, -0.08, 1.08, 0.05, 0.23, -0.49
16:26:47, 30.79, 116.24, -16.86, 0.34, -0.13, 1.00, 0.10, 0.23, -0.48
16:26:47, 13.58, 124.77, -14.54, 0.43, -0.14, 0.91, 0.13, 0.23, -0.47
16:26:47, 13.97, 123.60, -12.86, 0.45, -0.16, 0.73, 0.16, 0.23, -0.46
16:26:47, 24.18, 114.91, -9.36, 0.49, -0.18, 0.70, 0.20, 0.23, -0.44
16:26:48, 32.26, 105.53, -11.38, 0.57, -0.09, 0.64, 0.23, 0.23, -0.42
16:26:48, 46.26, 91.70, -20.74, 0.60, -0.03, 0.66, 0.26, 0.24, -0.40
16:26:48, 42.96, 84.78, -43.76, 0.59, -0.04, 0.51, 0.28, 0.25, -0.39
16:26:48, -9.32, 65.42, -57.37, 0.62, -0.27, 0.47, 0.29, 0.26, -0.36
16:26:48, -55.78, 53.65, -48.74, 0.77, -0.36, 0.61, 0.30, 0.26, -0.36
16:26:48, -16.83, 67.79, -37.38, 0.85, -0.28, 0.78, 0.31, 0.24, -0.36
16:26:48, 9.84, 110.28, -51.33, 0.62, -0.29, 0.89, 0.32, 0.25, -0.34
16:26:48, 10.46, 155.57, -39.31, 0.93, -0.50, 0.65, 0.34, 0.25, -0.33
16:26:48, 60.63, 197.32, -16.20, 0.89, -0.62, 0.60, 0.38, 0.26, -0.28
16:26:48, 119.38, 261.56, 20.45, 0.70, -1.01, 0.26, 0.41, 0.27, -0.24
16:26:48, 210.66, 286.68, 95.23, 0.37, -0.66, -0.07, 0.47, 0.29, -0.14
16:26:48, -21.37, 80.28, 61.85, 0.76, -0.04, -0.09, 0.51, 0.28, -0.09
16:26:48, -5.84, 75.62, 24.09, 1.19, -1.75, 2.00, 0.52, 0.27, -0.07
16:26:48, -286.72, 196.46, 123.29, 0.66, -0.63, -0.26, 0.54, 0.24, -0.05
16:26:48, 194.91, 25.56, 72.76, 1.08, -0.11, -0.64, 0.56, 0.22, -0.03
16:26:48, 286.68, -33.96, 45.47, 1.02, 0.29, -0.14, 0.57, 0.21, -0.02
16:26:48, -1.05, -6.06, 37.56, 0.82, 0.47, 0.08, 0.57, 0.22, -0.01
16:26:48, 71.92, 5.84, -0.02, 1.08, -0.19, -1.38, 0.58, 0.22, -0.01
16:26:48, 73.59, -10.47, 12.28, 1.03, -0.05, 0.04, 0.58, 0.22, -0.00
16:26:48, 58.74, 2.95, 19.69, 0.84, 0.04, -0.32, 0.58, 0.22, 0.00
16:26:48, 15.16, 22.06, -18.02, 0.93, 0.26, -0.45, 0.59, 0.22, -0.00
16:26:48, -2.72, -100.80, -1.52, 1.08, -0.38, 0.02, 0.59, 0.22, -0.01
16:26:48, -49.59, -60.86, 6.47, 0.94, 0.04, 0.12, 0.58, 0.23, -0.02
16:26:48, -38.86, -62.60, -1.00, 0.88, 0.17, -0.65, 0.57, 0.22, -0.05
16:26:48, -28.52, -88.28, 4.79, 0.99, -0.16, -0.05, 0.57, 0.22, -0.07
16:26:48, 30.85, -79.69, 12.71, 0.90, -0.12, 0.10, 0.56, 0.22, -0.10
16:26:48, 67.93, -67.47, 15.37, 1.00, 0.06, 0.12, 0.56, 0.23, -0.11
16:26:48, -7.74, -69.93, 12.98, 1.02, -0.21, 0.40, 0.56, 0.22, -0.12
16:26:48, 6.89, -34.12, 20.03, 0.79, -0.23, -0.61, 0.55, 0.23, -0.13
16:26:48, 23.72, -31.58, 7.77, 0.96, 0.06, -0.09, 0.55, 0.23, -0.15
16:26:48, 17.10, -55.35, 2.04, 1.10, -0.17, 0.19, 0.55, 0.23, -0.15
16:26:48, 53.58, -11.73, 15.51, 0.98, 0.02, 0.63, 0.54, 0.23, -0.16
16:26:48, 29.96, 11.04, 13.41, 1.09, 0.11, 0.24, 0.54, 0.24, -0.15
16:26:49, 54.08, 4.33, -18.93, 1.01, 0.13, 0.00, 0.54, 0.24, -0.14
16:26:49, 34.62, -22.46, -33.22, 0.98, 0.08, -0.00, 0.55, 0.25, -0.13
16:26:49, -13.69, -36.14, -26.99, 0.91, -0.10, 0.21, 0.54, 0.26, -0.14
16:26:49, 16.42, -22.32, -32.45, 1.00, -0.30, 0.48, 0.52, 0.27, -0.15
16:26:49, 65.48, 21.11, -16.56, 1.16, -0.19, 0.69, 0.52, 0.27, -0.15
16:26:49, 50.28, 32.36, -12.67, 0.83, 0.04, 0.07, 0.52, 0.29, -0.14
16:26:49, 13.48, 5.32, 13.47, 0.75, -0.15, 0.09, 0.52, 0.29, -0.12
16:26:49, 20.06, 27.68, 14.64, 0.87, -0.17, 0.09, 0.53, 0.29, -0.12
16:26:49, 11.30, 32.17, 12.32, 1.02, -0.13, 0.07, 0.53, 0.28, -0.10
16:26:49, 3.05, 29.04, 14.80, 1.01, 0.00, 0.15, 0.53, 0.28, -0.10
16:26:49, -24.67, 11.88, 17.43, 0.96, -0.06, -0.23, 0.54, 0.28, -0.09
16:26:49, -7.92, -7.36, 16.55, 0.96, -0.27, 0.14, 0.53, 0.28, -0.10
16:26:49, 32.64, -20.56, 26.19, 0.96, -0.05, 0.03, 0.54, 0.27, -0.10
16:26:49, 26.69, -5.05, 24.71, 0.80, -0.03, 0.25, 0.54, 0.26, -0.09
16:26:49, 8.80, 16.69, 15.44, 0.97, -0.02, 0.29, 0.54, 0.26, -0.09
16:26:49, -1.23, 48.51, 13.64, 0.96, 0.10, 0.02, 0.55, 0.26, -0.08
16:26:49, -35.69, 33.42, 4.05, 1.00, -0.02, 0.22, 0.55, 0.26, -0.07
16:26:49, -31.72, 40.91, 7.02, 1.00, 0.06, -0.03, 0.55, 0.25, -0.07
16:26:49, -15.12, 35.42, 12.16, 0.97, -0.10, 0.04, 0.55, 0.25, -0.07
16:26:49, -0.36, 30.02, 9.97, 0.92, -0.03, -0.11, 0.56, 0.25, -0.06
16:26:49, 2.71, 14.39, 9.98, 0.98, 0.01, -0.03, 0.55, 0.24, -0.05
16:26:49, -9.55, 8.03, 11.18, 0.94, 0.14, -0.14, 0.56, 0.24, -0.04
16:26:49, -8.03, 5.74, 6.20, 0.97, -0.05, -0.15, 0.56, 0.24, -0.04
16:26:49, -5.56, 3.05, 3.09, 0.94, 0.05, -0.19, 0.56, 0.23, -0.04
16:26:49, 16.94, 5.52, 5.30, 1.00, -0.12, -0.01, 0.56, 0.24, -0.05
16:26:49, 34.95, 11.67, 3.82, 0.98, 0.22, -0.19, 0.56, 0.24, -0.04
16:26:49, 7.13, 8.66, 1.81, 1.00, -0.02, -0.08, 0.56, 0.24, -0.03
16:26:49, 20.86, 4.24, 8.17, 0.98, 0.03, -0.23, 0.56, 0.24, -0.03
16:26:49, 76.32, 14.11, 14.08, 0.96, -0.03, 0.04, 0.56, 0.24, -0.03
16:26:49, 65.48, 13.18, -0.60, 0.98, 0.08, -0.10, 0.57, 0.24, -0.01
16:26:49, -0.13, 1.44, -6.46, 0.93, 0.00, 0.13, 0.57, 0.24, -0.01
16:26:49, -0.45, -8.61, 1.28, 0.97, -0.00, -0.05, 0.57, 0.24, -0.00
16:26:49, 193.45, -12.18, 23.78, 0.93, -0.21, -0.15, 0.57, 0.24, 0.00
16:26:50, 192.52, -9.19, 21.48, 0.99, 0.12, 0.07, 0.57, 0.25, 0.02
16:26:50, -91.56, 5.41, -2.08, 0.91, 0.69, -0.20, 0.57, 0.25, 0.03
16:26:50, -94.11, -0.15, -15.00, 0.98, -0.18, 0.02, 0.57, 0.24, 0.02
16:26:50, 58.33, -4.02, 9.22, 0.96, -0.01, 0.10, 0.57, 0.25, 0.02
16:26:50, 20.32, 1.23, 7.95, 0.98, 0.38, -0.18, 0.57, 0.24, 0.02
16:26:50, -33.61, -0.30, -2.19, 0.99, 0.07, 0.01, 0.57, 0.24, 0.02
16:26:50, -5.42, 3.02, -1.49, 0.99, -0.10, -0.06, 0.57, 0.24, 0.01
16:26:50, 11.81, 1.49, 2.05, 0.96, 0.19, -0.09, 0.57, 0.24, 0.02
16:26:50, -20.54, 1.01, -2.88, 0.96, 0.11, -0.09, 0.57, 0.25, 0.01
16:26:50, -3.07, -1.30, -0.34, 0.99, -0.08, -0.07, 0.57, 0.25, 0.02
16:26:50, 31.19, -3.65, 3.72, 0.97, 0.12, -0.08, 0.57, 0.24, 0.02
16:26:50, 0.90, -4.52, -0.39, 0.96, 0.15, -0.05, 0.57, 0.24, 0.02
16:26:50, -4.48, -4.57, -2.83, 0.98, -0.02, -0.05, 0.57, 0.24, 0.02
16:26:50, 22.50, -5.07, 1.17, 0.98, 0.03, -0.03, 0.57, 0.24, 0.02
16:26:50, 26.92, -4.02, 1.36, 0.97, 0.12, -0.04, 0.57, 0.25, 0.02
16:26:50, 7.18, -5.53, -0.13, 0.97, 0.13, -0.09, 0.57, 0.25, 0.03
16:26:50, -3.06, -5.77, -1.96, 0.98, 0.07, -0.04, 0.57, 0.24, 0.01
16:26:50, -5.31, -5.35, -1.76, 0.98, 0.05, -0.02, 0.57, 0.25, 0.02
16:26:50, 12.85, -5.07, -0.07, 0.99, 0.03, -0.02, 0.57, 0.25, 0.02
16:26:50, 1.99, -3.46, -2.12, 0.96, 0.17, -0.02, 0.57, 0.25, 0.02
16:26:50, -13.66, -2.84, -4.20, 0.99, -0.01, -0.03, 0.57, 0.25, 0.03
16:26:50, 11.29, -4.84, -0.21, 0.99, 0.03, -0.03, 0.57, 0.25, 0.01
16:26:50, -1.55, -4.06, -2.07, 0.96, 0.13, -0.01, 0.56, 0.25, 0.01
16:26:50, -9.78, -3.97, -2.69, 0.98, 0.05, -0.03, 0.56, 0.25, 0.01
16:26:50, 7.01, -5.38, 0.67, 1.02, -0.09, 0.01, 0.57, 0.25, 0.01
16:26:50, 19.72, -2.77, 0.81, 0.96, 0.15, 0.01, 0.56, 0.25, 0.02
16:26:50, 1.49, 0.24, -2.00, 0.99, 0.15, 0.02, 0.57, 0.25, 0.01
16:26:50, -19.70, 2.56, -3.62, 1.00, 0.06, 0.02, 0.56, 0.26, 0.01
16:26:50, -0.25, 2.73, -1.51, 0.98, 0.04, -0.00, 0.56, 0.25, 0.00
16:26:50, -10.72, 3.61, -3.26, 0.94, 0.10, -0.04, 0.57, 0.25, 0.00
16:26:50, -19.82, 5.07, -6.57, 0.96, 0.10, -0.04, 0.57, 0.25, 0.00
16:26:50, -43.04, 4.09, -8.48, 0.98, 0.13, -0.06, 0.56, 0.26, 0.01
16:26:50, -48.62, 2.43, -8.80, 0.99, 0.06, -0.04, 0.57, 0.25, 0.00
16:26:51, -62.79, 0.24, -9.26, 0.99, -0.03, 0.00, 0.57, 0.25, -0.00
16:26:51, -21.63, 0.24, -3.87, 0.98, -0.01, -0.03, 0.57, 0.25, -0.01
16:26:51, -21.62, 2.38, -5.91, 0.97, 0.04, -0.02, 0.56, 0.24, -0.02
16:26:51, -7.15, 2.93, -4.17, 1.01, 0.02, -0.04, 0.56, 0.25, -0.01
16:26:51, 2.92, 1.99, -2.49, 0.99, 0.03, -0.04, 0.56, 0.25, -0.01
16:26:51, -12.66, 0.10, -4.03, 0.97, 0.03, -0.06, 0.56, 0.25, -0.02
16:26:51, -21.59, -3.18, -6.05, 0.97, 0.09, -0.12, 0.56, 0.24, -0.01
16:26:51, -11.86, -2.73, -1.55, 1.01, -0.09, -0.09, 0.56, 0.25, -0.01
16:26:51, -27.12, -5.41, -4.52, 0.96, 0.09, -0.07, 0.56, 0.25, -0.02
16:26:51, -31.13, -5.63, -4.14, 0.99, -0.07, -0.05, 0.56, 0.25, -0.03
16:26:51, -31.98, -6.68, -4.81, 0.97, -0.03, 0.19, 0.56, 0.25, -0.03
16:26:51, 5.82, -1.00, -0.12, 0.97, 0.08, 0.00, 0.56, 0.25, -0.03
16:26:51, 13.17, 1.00, 0.16, 1.00, 0.01, -0.04, 0.56, 0.25, -0.03
16:26:51, 1.81, 1.16, -1.17, 0.97, 0.04, -0.03, 0.56, 0.25, -0.03
16:26:51, 3.69, 0.33, -0.95, 0.98, 0.04, -0.05, 0.56, 0.25, -0.03
16:26:51, -6.34, -1.01, -1.79, 0.99, -0.00, -0.04, 0.56, 0.25, -0.03
16:26:51, 1.82, -1.54, -0.22, 0.98, -0.04, -0.05, 0.56, 0.25, -0.03
16:26:51, 14.63, -2.23, 2.00, 0.98, 0.03, -0.04, 0.56, 0.25, -0.03
16:26:51, 1.53, -2.65, -0.27, 0.98, 0.04, -0.02, 0.56, 0.25, -0.04
16:26:51, 8.69, -1.58, 0.49, 0.99, -0.01, -0.01, 0.56, 0.25, -0.03
16:26:51, 16.45, -0.39, 2.07, 0.98, 0.04, -0.02, 0.56, 0.25, -0.03
16:26:51, 8.72, 0.40, 0.72, 0.98, 0.03, -0.04, 0.56, 0.25, -0.03
16:26:51, 2.17, -0.09, -0.13, 0.97, 0.07, -0.03, 0.56, 0.25, -0.03
16:26:51, -1.94, -0.50, -0.50, 0.98, 0.04, -0.00, 0.56, 0.25, -0.02
16:26:51, -1.37, 1.51, -0.81, 0.99, 0.02, -0.02, 0.56, 0.25, -0.03
16:26:51, 1.01, 1.83, -0.01, 0.98, 0.03, -0.04, 0.56, 0.25, -0.02
16:26:51, -3.64, 1.10, -0.04, 0.98, 0.02, -0.03, 0.56, 0.25, -0.02
16:26:51, 0.46, 1.63, -0.11, 0.97, 0.00, -0.04, 0.57, 0.25, -0.02
16:26:51, 4.36, 1.72, 0.41, 0.98, 0.04, -0.04, 0.57, 0.25, -0.03
16:26:51, 9.05, 2.20, 1.00, 0.98, 0.01, -0.04, 0.57, 0.25, -0.02
16:26:51, 12.38, 1.11, 2.40, 0.99, 0.04, -0.05, 0.57, 0.25, -0.02
16:26:51, 4.09, -0.06, 1.04, 0.98, 0.05, -0.06, 0.57, 0.25, -0.02
16:26:51, -6.12, -1.62, -0.01, 0.98, 0.02, -0.05, 0.56, 0.24, -0.02
16:26:51, -12.49, -2.41, -0.85, 0.98, 0.07, -0.04, 0.56, 0.24, -0.03
16:26:52, -11.76, -2.39, -1.16, 0.99, 0.02, -0.03, 0.57, 0.25, -0.02
16:26:52, 2.09, -3.65, 2.37, 1.01, -0.05, -0.04, 0.56, 0.25, -0.03
16:26:52, 3.00, -3.88, 2.42, 0.99, 0.07, -0.05, 0.56, 0.25, -0.03
16:26:52, -15.91, -4.48, -1.05, 0.98, 0.05, -0.03, 0.56, 0.25, -0.03
16:26:52, -7.60, -4.12, -0.03, 0.99, -0.02, -0.01, 0.57, 0.24, -0.03
16:26:52, 6.05, -1.40, 1.72, 0.98, 0.00, -0.03, 0.56, 0.25, -0.00
16:26:52, 5.20, -3.39, 2.32, 0.97, 0.05, -0.06, 0.56, 0.24, -0.04
16:26:52, -1.19, -7.92, 2.45, 0.92, 0.03, -0.23, 0.56, 0.24, -0.04
16:26:52, 7.31, -4.64, 3.02, 0.95, 0.12, -0.08, 0.56, 0.25, -0.04
16:26:52, -11.83, -7.61, 0.38, 0.97, 0.02, 0.01, 0.56, 0.24, -0.04
16:26:52, -4.87, -4.13, 1.37, 0.97, 0.10, 0.02, 0.56, 0.24, -0.04
16:26:52, 0.94, -1.77, 1.62, 1.01, 0.02, -0.02, 0.56, 0.24, -0.04
16:26:52, 7.04, -1.91, 3.07, 1.00, -0.02, 0.04, 0.56, 0.24, -0.04
16:26:52, 41.63, 5.68, 8.47, 0.99, -0.01, -0.01, 0.56, 0.24, -0.04
16:26:52, 42.37, 5.92, 6.24, 0.95, 0.03, -0.04, 0.56, 0.24, -0.04
16:26:52, 48.83, 3.33, 8.14, 1.00, 0.06, -0.05, 0.56, 0.24, -0.02
16:26:52, 26.78, 0.16, 4.96, 0.98, 0.11, -0.03, 0.57, 0.24, -0.02
16:26:52, 0.98, -1.70, 0.73, 0.96, 0.08, -0.02, 0.57, 0.24, -0.02
16:26:52, 3.34, -2.47, 2.05, 1.00, 0.04, -0.03, 0.56, 0.25, -0.02
16:26:52, 3.33, -3.64, 2.12, 0.98, 0.09, -0.03, 0.56, 0.25, -0.02
16:26:52, -7.54, -2.94, -0.18, 0.98, 0.04, -0.01, 0.56, 0.24, -0.03
16:26:52, 0.88, -2.90, 1.17, 0.98, 0.05, -0.01, 0.57, 0.24, -0.02
16:26:52, 4.05, -2.98, 1.53, 0.97, 0.05, -0.02, 0.57, 0.24, -0.02
16:26:52, -1.40, -2.18, 0.74, 0.98, 0.09, -0.01, 0.57, 0.24, -0.03
16:26:52, -0.57, -2.53, 0.82, 0.98, 0.07, -0.01, 0.57, 0.24, -0.03
16:26:52, 9.20, -3.12, 2.09, 0.98, -0.04, -0.02, 0.57, 0.24, -0.03
16:26:52, 14.49, -3.82, 6.14, 1.06, 0.24, 0.04, 0.57, 0.24, -0.03
16:26:52, -6.63, -0.38, -1.52, 1.00, 0.05, -0.02, 0.57, 0.24, -0.02
16:26:52, 21.52, -2.27, 2.01, 0.97, 0.04, -0.02, 0.57, 0.24, -0.02
16:26:52, 9.77, -3.12, 2.61, 0.99, 0.15, 0.00, 0.57, 0.24, -0.02
16:26:52, -10.91, -1.69, -2.41, 0.96, 0.05, 0.01, 0.57, 0.24, -0.02
16:26:52, 3.57, -0.51, -0.48, 0.99, 0.04, 0.01, 0.57, 0.25, -0.02
16:26:52, 5.98, -0.37, -0.10, 0.98, 0.10, -0.01, 0.57, 0.24, -0.02
16:26:53, -4.42, -1.30, -0.70, 0.97, 0.10, -0.01, 0.57, 0.25, -0.03
16:26:53, 6.02, -2.58, 0.23, 0.99, 0.04, -0.00, 0.57, 0.25, -0.03
16:26:53, 10.18, -2.34, 1.13, 0.97, 0.07, 0.01, 0.57, 0.25, -0.02
16:26:53, 3.18, -1.72, -0.64, 0.97, 0.06, 0.01, 0.57, 0.25, -0.02
16:26:53, 10.42, -1.67, 0.43, 0.99, 0.05, 0.00, 0.57, 0.25, -0.02
16:26:53, 5.62, -2.38, 0.74, 0.99, 0.10, 0.02, 0.57, 0.25, -0.02
16:26:53, 0.08, -1.05, -0.85, 0.99, 0.03, 0.01, 0.57, 0.25, -0.03
16:26:53, 5.69, -0.28, -0.60, 0.97, 0.06, 0.00, 0.57, 0.24, -0.02
16:26:53, 2.79, -1.77, -0.29, 0.98, 0.08, -0.01, 0.57, 0.25, -0.02
16:26:53, 0.03, -2.59, -0.43, 0.98, 0.04, -0.00, 0.57, 0.25, -0.02
16:26:53, 8.16, -2.28, 0.22, 0.97, 0.05, -0.01, 0.57, 0.24, -0.02
16:26:53, 10.41, -2.35, -0.46, 0.97, 0.08, 0.00, 0.57, 0.25, -0.02
16:26:53, 5.91, -3.56, -0.48, 0.98, 0.06, 0.00, 0.57, 0.25, -0.02
16:26:53, 11.91, -3.92, 1.01, 0.99, 0.05, 0.02, 0.57, 0.24, -0.01
16:26:53, 3.55, -3.52, 0.22, 0.98, 0.10, 0.02, 0.57, 0.25, -0.02
16:26:53, -7.60, -3.33, -0.94, 0.99, 0.06, 0.01, 0.56, 0.24, -0.02
16:26:53, -2.21, -2.72, -0.51, 0.97, 0.04, 0.02, 0.57, 0.24, -0.02
16:26:53, 2.20, -2.78, 0.25, 0.98, 0.08, 0.01, 0.56, 0.24, -0.02
16:26:53, -1.54, -2.84, 0.05, 0.98, 0.07, 0.03, 0.57, 0.24, -0.02
16:26:53, -9.71, -2.35, -3.65, 0.98, -0.03, -0.04, 0.56, 0.25, -0.02
16:26:53, -14.62, -1.86, 6.29, 0.93, -0.01, -0.00, 0.56, 0.25, -0.03
16:26:53, -1.03, -3.25, 4.07, 0.97, 0.02, -0.01, 0.57, 0.24, -0.03
16:26:53, -13.41, -3.16, 0.39, 0.98, 0.10, 0.07, 0.57, 0.24, -0.04
16:26:53, -11.04, -0.81, 0.33, 0.97, 0.09, 0.04, 0.57, 0.24, -0.04
16:26:53, -4.59, -1.33, 0.58, 0.98, 0.01, 0.02, 0.56, 0.24, -0.04
16:26:53, 0.88, -1.17, 1.64, 0.99, 0.10, 0.04, 0.56, 0.24, -0.04
16:26:53, 1.08, 5.84, -18.26, 1.09, -0.41, -0.20, 0.56, 0.24, -0.04
16:26:53, -25.34, -3.34, -8.81, 1.15, -0.10, 0.24, 0.56, 0.24, -0.04
16:26:53, 7.98, -1.97, 0.17, 0.94, -0.07, -0.02, 0.56, 0.25, -0.04
16:26:53, 17.03, -0.49, 6.92, 0.99, 0.16, 0.04, 0.56, 0.24, -0.04
16:26:53, -6.44, -0.75, 0.35, 0.99, 0.04, 0.03, 0.56, 0.24, -0.04
16:26:53, 7.14, -0.67, 2.41, 0.98, 0.07, 0.02, 0.56, 0.24, -0.04
16:26:53, 15.52, -0.83, 5.51, 0.96, -0.03, 0.02, 0.56, 0.24, -0.04
16:26:53, 24.44, -1.50, 6.38, 0.97, -0.00, 0.04, 0.56, 0.24, -0.03
16:26:54, 51.63, -0.11, 5.69, 0.96, 0.14, 0.12, 0.56, 0.24, -0.03
16:26:54, 25.66, 1.91, -2.73, 1.05, 0.16, 0.08, 0.56, 0.24, -0.03
16:26:54, -13.84, 1.35, 2.10, 0.98, 0.21, 0.07, 0.57, 0.24, -0.03
16:26:54, -19.22, 2.51, 0.07, 0.98, 0.05, -0.02, 0.56, 0.24, -0.02
16:26:54, 4.09, 3.26, 3.84, 1.05, 0.06, -0.02, 0.57, 0.24, -0.03
16:26:54, 9.48, 2.65, 1.77, 0.98, 0.18, 0.06, 0.57, 0.24, -0.02
16:26:54, -9.41, 3.12, -2.30, 0.93, 0.09, -0.05, 0.57, 0.24, -0.03
16:26:54, -19.10, 0.20, -2.19, 0.92, 0.05, 0.00, 0.57, 0.24, -0.02
16:26:54, -12.30, 0.93, -3.95, 0.98, 0.08, -0.02, 0.57, 0.24, -0.03
16:26:54, -5.39, 0.83, -6.63, 1.00, 0.08, 0.01, 0.56, 0.24, -0.02
16:26:54, -10.00, 1.81, -6.72, 1.00, 0.24, 0.03, 0.57, 0.24, -0.02
16:26:54, -40.04, 1.83, -10.09, 0.96, 0.17, 0.03, 0.57, 0.24, -0.03
16:26:54, -47.88, 1.83, -9.57, 0.99, 0.03, 0.05, 0.56, 0.24, -0.03
16:26:54, -20.71, 3.91, -8.37, 0.97, 0.05, 0.02, 0.56, 0.24, -0.03
16:26:54, -29.01, 3.27, -9.06, 0.97, -0.00, 0.01, 0.57, 0.24, -0.04
16:26:54, -16.03, 1.67, -3.36, 0.99, -0.04, -0.01, 0.57, 0.24, -0.04
16:26:54, -4.84, 1.25, -2.85, 0.94, 0.06, -0.02, 0.57, 0.24, -0.04
16:26:54, -13.90, 0.10, -5.45, 0.98, 0.03, -0.11, 0.57, 0.24, -0.04
16:26:54, -1.83, 0.35, -2.07, 0.96, 0.00, 0.00, 0.56, 0.24, -0.04
16:26:54, 9.83, 1.12, -1.05, 0.96, 0.04, -0.00, 0.56, 0.24, -0.04
16:26:54, -1.58, 1.18, -2.23, 0.98, 0.08, -0.01, 0.57, 0.24, -0.04
16:26:54, -1.78, 2.24, -2.25, 1.01, 0.05, -0.15, 0.57, 0.24, -0.04
16:26:54, 11.24, 2.64, -0.89, 0.97, 0.07, -0.01, 0.56, 0.24, -0.04
16:26:54, 35.45, 4.25, 8.52, 0.97, -0.20, -0.00, 0.57, 0.24, -0.03
16:26:54, 107.07, 4.64, 17.97, 1.00, 0.01, -0.01, 0.57, 0.24, -0.03
16:26:54, 121.21, -0.17, 19.04, 0.98, 0.15, -0.05, 0.57, 0.24, -0.01
16:26:54, 69.33, -3.59, 12.50, 0.96, 0.35, 0.01, 0.57, 0.25, 0.00
16:26:54, -3.92, -1.69, 0.67, 0.94, 0.05, 0.10, 0.57, 0.24, -0.00
16:26:54, 30.86, -3.87, 8.14, 0.99, 0.04, 0.02, 0.57, 0.25, -0.00
16:26:54, 1.19, -1.82, -1.58, 0.95, 0.05, -0.04, 0.57, 0.25, -0.00
16:26:54, 0.31, -1.66, -3.05, 1.00, 0.15, 0.07, 0.57, 0.24, 0.00
16:26:54, 16.63, -1.57, -0.10, 1.00, 0.05, -0.04, 0.57, 0.25, 0.01
16:26:54, 17.46, -2.23, -0.07, 0.97, 0.08, -0.00, 0.57, 0.25, 0.00
16:26:54, 12.40, -1.81, -0.02, 0.98, 0.10, 0.04, 0.57, 0.25, -0.00
16:26:54, 5.87, 0.60, -6.05, 0.97, 0.23, 0.02, 0.57, 0.25, 0.00
16:26:54, -23.55, 5.22, -15.89, 0.98, 0.21, 0.00, 0.57, 0.25, 0.00
16:26:54, -40.24, 9.42, -25.51, 0.97, 0.09, -0.02, 0.57, 0.25, -0.00
16:26:55, -57.35, 19.97, -57.94, 1.02, -0.11, -0.37, 0.57, 0.25, -0.00
16:26:55, -61.86, 4.26, -4.75, 1.06, -0.20, 0.09, 0.57, 0.25, -0.01
16:26:55, 20.59, 4.90, -0.54, 0.95, -0.05, -0.05, 0.57, 0.26, -0.01
16:26:55, 14.45, 2.93, -4.24, 0.97, 0.15, -0.05, 0.57, 0.26, -0.00
16:26:55, -7.08, 1.92, -7.51, 0.98, 0.03, -0.04, 0.57, 0.26, 0.00
16:26:55, 2.32, 1.36, -4.35, 0.98, -0.01, -0.02, 0.57, 0.26, -0.01
16:26:55, 0.38, 1.02, -4.59, 0.98, 0.05, -0.03, 0.56, 0.26, -0.01
16:26:55, -2.94, 0.64, -4.99, 0.98, 0.01, -0.03, 0.57, 0.26, -0.00
16:26:55, 0.12, 0.54, -4.20, 0.98, 0.01, -0.03, 0.57, 0.26, 0.00
16:26:55, 1.72, 0.27, -3.94, 0.98, 0.03, -0.02, 0.57, 0.26, -0.00
16:26:55, -0.05, 0.61, -4.25, 0.99, 0.02, -0.02, 0.57, 0.26, -0.00
16:26:55, 0.54, 0.84, -3.97, 0.98, 0.01, -0.03, 0.57, 0.26, 0.00
16:26:55, 0.32, 0.79, -3.95, 0.98, 0.02, -0.03, 0.57, 0.26, 0.00
16:26:55, -0.09, -0.03, -4.43, 0.98, 0.01, -0.03, 0.56, 0.26, 0.00
16:26:55, 1.75, -0.74, -4.31, 0.98, 0.02, -0.03, 0.57, 0.26, 0.00
16:26:55, -0.18, -0.67, -4.63, 0.98, 0.01, -0.03, 0.56, 0.26, -0.01
16:26:55, 1.05, -0.97, -4.66, 0.98, 0.00, -0.04, 0.56, 0.27, 0.00
16:26:55, 4.02, -2.28, -4.92, 0.98, -0.00, -0.06, 0.56, 0.27, 0.00
16:26:55, 5.15, -3.70, -5.05, 0.97, 0.00, -0.06, 0.56, 0.26, 0.00
16:26:55, 5.89, -4.86, -5.46, 0.98, 0.01, -0.04, 0.56, 0.27, -0.00
16:26:55, 5.30, -5.96, -6.15, 0.98, 0.01, -0.04, 0.56, 0.27, 0.00
16:26:55, 8.34, -6.79, -6.97, 0.97, -0.01, -0.03, 0.56, 0.27, -0.00
16:26:55, 6.47, -8.14, -8.36, 0.98, 0.01, -0.05, 0.56, 0.27, 0.00
16:26:55, 2.23, -8.99, -9.27, 0.98, 0.02, -0.04, 0.56, 0.28, 0.00
16:26:55, -2.00, -11.73, -12.46, 0.97, -0.02, -0.03, 0.56, 0.28, -0.01
16:26:55, 3.79, -12.44, -12.44, 0.98, -0.02, -0.02, 0.55, 0.28, -0.01
16:26:55, 4.79, -12.91, -12.84, 0.98, -0.02, -0.00, 0.55, 0.29, -0.01
16:26:55, -0.04, -13.19, -13.83, 0.98, -0.00, 0.01, 0.55, 0.29, -0.02
16:26:55, 2.41, -11.67, -13.80, 0.98, -0.07, 0.07, 0.55, 0.29, -0.02
16:26:55, 9.22, -7.01, -12.25, 0.99, -0.07, 0.12, 0.55, 0.30, -0.02
16:26:55, 9.13, -1.27, -11.06, 0.99, -0.05, 0.12, 0.55, 0.30, -0.02
16:26:55, 10.41, 4.72, -10.72, 1.00, -0.02, 0.12, 0.54, 0.30, -0.02
16:26:55, 13.59, 10.45, -9.13, 0.99, -0.09, 0.04, 0.54, 0.30, -0.02
16:26:55, 14.69, 9.47, -7.59, 0.97, -0.12, -0.06, 0.54, 0.31, -0.02
16:26:55, 18.71, 4.62, -4.18, 0.97, -0.12, -0.09, 0.55, 0.31, -0.00
16:26:55, 15.20, -1.17, -2.08, 0.97, -0.08, -0.11, 0.54, 0.31, -0.01
16:26:55, 17.62, -4.87, 0.51, 0.99, -0.08, 0.04, 0.54, 0.31, -0.01
16:26:56, 8.29, -2.18, 0.38, 0.99, -0.09, 0.05, 0.55, 0.31, -0.01
16:26:56, 6.76, 1.65, 1.80, 0.99, -0.15, 0.04, 0.55, 0.30, -0.00
16:26:56, 21.48, 5.17, 7.91, 1.00, -0.13, 0.08, 0.55, 0.31, 0.00
16:26:56, 23.96, 8.91, 10.03, 0.99, -0.09, 0.07, 0.55, 0.31, 0.00
16:26:56, 22.26, 12.65, 10.38, 0.99, -0.11, 0.03, 0.54, 0.31, 0.01
16:26:56, 30.95, 16.43, 12.91, 0.98, -0.08, 0.06, 0.55, 0.31, 0.01
16:26:56, 33.38, 17.99, 13.36, 0.98, 0.00, 0.01, 0.55, 0.30, 0.02
16:26:56, 27.47, 19.31, 11.98, 0.98, -0.02, 0.00, 0.55, 0.31, 0.03
16:26:56, 23.78, 19.47, 12.68, 0.97, -0.09, -0.09, 0.55, 0.30, 0.03
16:26:56, 23.46, 17.29, 16.14, 0.98, -0.04, -0.07, 0.55, 0.30, 0.05
16:26:56, 9.30, 17.68, 17.12, 1.00, -0.03, -0.03, 0.56, 0.29, 0.05
16:26:56, 5.76, 22.58, 18.04, 0.99, -0.01, 0.01, 0.55, 0.29, 0.06
16:26:56, 3.28, 29.58, 16.76, 0.99, 0.06, 0.01, 0.56, 0.29, 0.07
16:26:56, 0.43, 34.34, 14.45, 0.99, 0.07, -0.02, 0.56, 0.29, 0.07
16:26:56, -8.63, 38.86, 11.50, 0.97, 0.02, -0.10, 0.56, 0.28, 0.08
16:26:56, -8.90, 40.16, 11.75, 0.97, 0.00, -0.12, 0.56, 0.28, 0.08
16:26:56, -10.00, 41.10, 12.23, 0.95, 0.01, -0.15, 0.56, 0.27, 0.09
16:26:56, -3.99, 42.16, 14.45, 0.97, 0.01, -0.16, 0.55, 0.27, 0.10
16:26:56, 1.22, 43.20, 14.81, 0.95, 0.04, -0.18, 0.55, 0.26, 0.11
16:26:56, 0.58, 44.07, 14.60, 0.94, 0.05, -0.25, 0.55, 0.26, 0.13
16:26:56, 2.28, 43.51, 16.21, 0.97, -0.01, -0.24, 0.56, 0.25, 0.14
16:26:56, 10.60, 42.54, 17.46, 0.97, -0.02, -0.23, 0.55, 0.25, 0.15
16:26:56, 22.70, 40.60, 14.10, 0.99, 0.01, -0.26, 0.55, 0.24, 0.15
16:26:56, 41.07, 29.93, 1.58, 1.01, -0.18, -0.24, 0.55, 0.24, 0.16
16:26:56, 107.44, 2.24, -15.39, 1.00, -0.46, -0.13, 0.55, 0.24, 0.17
16:26:56, 179.04, -36.37, -13.17, 1.05, -0.34, -0.13, 0.54, 0.23, 0.18
16:26:56, 149.41, -59.60, -11.03, 1.00, 0.09, -0.19, 0.54, 0.22, 0.19
16:26:56, 54.46, -71.69, -25.88, 1.02, 0.02, -0.00, 0.54, 0.21, 0.19
16:26:56, 23.69, -75.22, -37.76, 1.00, -0.08, 0.03, 0.53, 0.20, 0.17
16:26:56, 35.48, -71.45, -48.65, 0.94, -0.20, 0.08, 0.53, 0.21, 0.16
16:26:56, 71.08, -63.46, -47.63, 0.97, -0.24, 0.07, 0.53, 0.21, 0.15
16:26:56, 123.61, -50.59, -47.56, 0.96, -0.16, 0.05, 0.53, 0.21, 0.15
16:26:56, 155.13, -35.39, -53.31, 0.95, -0.00, -0.00, 0.52, 0.20, 0.15
16:26:56, 154.81, -23.61, -56.41, 0.99, 0.12, -0.04, 0.51, 0.20, 0.16
16:26:56, 154.05, -10.94, -61.02, 1.03, 0.09, -0.07, 0.51, 0.20, 0.17
16:26:56, 161.77, -5.49, -52.28, 1.03, 0.28, -0.15, 0.51, 0.19, 0.19
16:26:57, 176.50, -14.41, -43.04, 0.94, 0.40, -0.13, 0.51, 0.18, 0.19
16:26:57, 237.33, -22.86, -17.53, 0.95, 1.21, -0.24, 0.51, 0.17, 0.20
16:26:57, 145.21, -32.44, 44.65, 1.01, 1.02, -0.13, 0.52, 0.14, 0.21
16:26:57, -17.75, -47.67, -23.78, 1.06, -0.64, 0.30, 0.52, 0.13, 0.21
16:26:57, -72.66, -37.78, 10.15, 0.87, -0.62, 0.07, 0.52, 0.14, 0.20
16:26:57, -26.14, -31.45, 24.82, 1.08, 0.09, 0.12, 0.52, 0.13, 0.18
16:26:57, 23.88, -26.58, 24.37, 1.05, -0.01, 0.20, 0.52, 0.13, 0.18
16:26:57, 37.51, -21.87, 26.03, 0.99, -0.04, 0.12, 0.52, 0.12, 0.17
16:26:57, -25.36, -17.89, 24.80, 0.99, -0.02, 0.10, 0.53, 0.11, 0.17
16:26:57, -14.81, -15.82, 29.16, 0.97, -0.09, 0.08, 0.53, 0.10, 0.17
16:26:57, 2.28, -16.25, 31.61, 0.97, 0.05, 0.04, 0.53, 0.09, 0.16
16:26:57, -11.80, -21.72, 34.09, 0.94, -0.04, 0.01, 0.53, 0.08, 0.15
16:26:57, -3.98, -24.92, 38.26, 0.96, 0.03, 0.05, 0.54, 0.08, 0.15
