16:29:43, 14.15, 118.43, 8.73, -0.10, -0.15, 1.13, -0.32, 0.48, -0.35
16:29:43, 26.98, 127.49, -1.77, -0.00, 0.01, 0.90, -0.25, 0.49, -0.36
16:29:43, 49.52, 98.44, -45.87, 0.03, -0.04, 1.00, -0.23, 0.49, -0.36
16:29:43, 44.82, 112.46, -43.04, 0.12, -0.10, 1.03, -0.20, 0.50, -0.35
16:29:43, 56.73, 177.61, -78.38, 0.42, -0.34, 1.03, -0.18, 0.50, -0.35
16:29:43, 34.72, 219.88, -29.58, 0.45, -0.40, 0.75, -0.14, 0.51, -0.34
16:29:43, 12.59, 241.45, 11.42, 0.32, -0.25, 0.98, -0.09, 0.52, -0.35
16:29:43, 2.59, 286.68, 60.62, 0.56, -0.40, 1.01, -0.04, 0.52, -0.33
16:29:44, 12.49, 234.11, 55.23, 0.44, -0.15, 0.12, 0.07, 0.51, -0.30
16:29:44, 20.80, 64.56, 5.89, 0.81, 0.14, 0.25, 0.11, 0.50, -0.27
16:29:44, 53.34, -41.69, -26.41, 0.86, -0.37, 0.52, 0.12, 0.52, -0.26
16:29:44, -19.67, -64.60, -11.29, 0.55, -0.24, 0.50, 0.11, 0.51, -0.26
16:29:44, 17.40, -6.02, -15.92, 0.59, -0.13, 0.75, 0.09, 0.52, -0.27
16:29:44, 34.05, 42.03, -19.09, 0.80, -0.27, 0.69, 0.09, 0.53, -0.27
16:29:44, 3.09, -6.43, -10.67, 0.75, -0.25, 0.69, 0.09, 0.53, -0.26
16:29:44, -1.92, -36.51, -14.55, 0.62, -0.15, 0.65, 0.09, 0.53, -0.26
16:29:44, 12.91, -2.15, -5.07, 0.61, -0.26, 0.80, 0.08, 0.54, -0.27
16:29:44, 17.76, 40.26, 4.02, 0.80, -0.27, 0.70, 0.09, 0.54, -0.26
16:29:44, 19.72, 7.50, 1.15, 0.78, -0.22, 0.74, 0.09, 0.54, -0.25
16:29:44, 22.52, -35.55, 17.10, 0.75, -0.31, 0.64, 0.09, 0.54, -0.26
16:29:44, -0.86, -18.56, 10.68, 0.60, -0.26, 0.67, 0.09, 0.55, -0.26
16:29:44, 13.34, 45.73, 15.78, 0.75, -0.32, 0.79, 0.09, 0.54, -0.25
16:29:44, 3.61, 74.82, 32.45, 0.82, -0.35, 0.57, 0.10, 0.53, -0.25
16:29:44, -43.24, 22.58, 31.88, 0.66, -0.20, 0.54, 0.12, 0.53, -0.24
16:29:44, -15.15, 60.65, 22.51, 0.80, -0.21, 0.67, 0.14, 0.52, -0.25
16:29:44, -2.37, 76.74, 26.66, 0.83, -0.19, 0.46, 0.15, 0.51, -0.24
16:29:44, 19.17, 63.95, 15.55, 0.68, -0.11, 0.50, 0.16, 0.51, -0.23
16:29:44, 20.78, 83.46, -7.29, 0.87, -0.26, 0.47, 0.18, 0.51, -0.22
16:29:44, 28.45, 45.26, 4.51, 0.75, -0.20, 0.47, 0.18, 0.51, -0.21
16:29:44, 34.89, 28.03, 1.10, 0.97, -0.27, 0.39, 0.19, 0.51, -0.20
16:29:44, 50.42, 86.26, -7.39, 0.85, -0.23, 0.45, 0.21, 0.52, -0.18
16:29:44, 2.70, 2.99, -18.02, 0.74, -0.20, 0.41, 0.21, 0.52, -0.16
16:29:44, -5.53, -0.04, -6.32, 0.81, -0.23, 0.28, 0.21, 0.53, -0.16
16:29:44, 2.06, 15.27, 4.16, 0.89, -0.33, 0.52, 0.20, 0.52, -0.16
16:29:44, -32.78, 15.90, 22.52, 0.92, -0.04, 0.68, 0.21, 0.52, -0.16
16:29:44, -26.80, 8.03, -19.18, 0.73, -0.11, -0.75, 0.22, 0.52, -0.16
16:29:44, -19.84, -48.60, -0.84, 1.05, -0.29, 0.56, 0.21, 0.52, -0.17
16:29:44, -19.08, -16.84, 15.02, 1.25, -0.05, 0.25, 0.20, 0.51, -0.19
16:29:44, -11.64, -43.28, -5.81, 0.90, -0.19, 0.46, 0.21, 0.51, -0.18
16:29:44, -6.07, -84.59, -28.24, 0.89, -0.28, 0.50, 0.20, 0.51, -0.20
16:29:44, -33.54, 68.80, -34.18, 1.40, -0.51, -0.76, 0.18, 0.51, -0.21
16:29:45, 74.17, 112.28, -23.94, 0.78, -0.18, 0.40, 0.18, 0.51, -0.20
16:29:45, 7.02, 14.48, -3.81, 0.71, -0.14, 0.31, 0.19, 0.52, -0.20
16:29:45, 0.47, 30.53, -16.35, 0.79, -0.20, 0.36, 0.19, 0.52, -0.18
16:29:45, 28.03, 68.99, -20.41, 0.81, -0.24, 0.27, 0.20, 0.53, -0.18
16:29:45, 55.88, 88.10, -40.69, 0.82, -0.21, 0.36, 0.20, 0.54, -0.16
16:29:45, 20.97, 24.62, -68.87, 0.87, -0.32, 0.46, 0.20, 0.55, -0.14
16:29:45, 8.03, 12.12, -88.24, 0.93, -0.35, 0.30, 0.18, 0.57, -0.13
16:29:45, 51.88, 52.33, -89.17, 0.84, -0.56, 0.22, 0.17, 0.59, -0.12
16:29:45, 101.14, 79.84, -50.65, 0.67, -0.42, 0.18, 0.16, 0.61, -0.11
16:29:45, 58.20, 66.43, -56.28, 0.83, -0.48, 0.15, 0.15, 0.64, -0.07
16:29:45, 43.43, 45.27, -22.65, 0.91, -0.48, 0.15, 0.14, 0.64, -0.05
16:29:45, 44.45, 26.08, -21.33, 0.78, -0.41, -0.03, 0.13, 0.65, -0.03
16:29:45, 53.20, 20.06, -19.75, 0.96, -0.53, 0.22, 0.13, 0.66, -0.02
16:29:45, 37.37, 13.48, 8.78, 0.98, -0.68, 0.14, 0.13, 0.67, -0.01
16:29:45, 25.22, 7.32, 69.13, 0.89, -0.58, 0.24, 0.13, 0.67, 0.00
16:29:45, -14.77, -35.73, 79.06, 1.02, -0.39, 0.28, 0.15, 0.65, 0.01
16:29:45, -60.03, -148.93, 52.68, 0.96, -0.25, 0.52, 0.17, 0.64, -0.02
16:29:45, -100.07, -260.27, 36.76, 0.83, -0.37, 0.21, 0.16, 0.63, -0.07
16:29:45, -30.30, -262.15, 22.39, 0.67, -0.71, 0.19, 0.13, 0.61, -0.14
16:29:45, 22.21, -204.06, 54.34, 0.61, -0.56, 0.51, 0.12, 0.61, -0.15
16:29:45, 43.56, -124.80, 40.22, 0.63, -0.62, 0.78, 0.11, 0.61, -0.16
16:29:45, 3.84, -156.87, 10.47, 0.66, -0.44, 0.39, 0.10, 0.61, -0.17
16:29:45, 33.85, -103.50, -4.92, 1.01, -0.19, 0.43, 0.07, 0.61, -0.19
16:29:45, 63.56, 62.25, 69.71, 0.93, -0.34, 0.54, 0.07, 0.61, -0.18
16:29:45, 103.43, 95.43, 105.00, 0.88, -0.22, 0.70, 0.10, 0.61, -0.14
16:29:45, 79.59, 72.07, 45.25, 0.87, -0.21, 0.58, 0.14, 0.61, -0.11
16:29:45, 40.27, 56.16, 2.42, 0.86, -0.24, 0.44, 0.14, 0.61, -0.10
16:29:45, 65.60, 115.29, -4.23, 0.70, -0.33, 0.45, 0.15, 0.62, -0.07
16:29:45, 113.12, 108.32, -18.62, 0.72, -0.36, 0.43, 0.16, 0.62, -0.03
16:29:45, 116.95, 32.29, -49.04, 0.87, -0.40, 0.40, 0.16, 0.63, 0.00
16:29:45, 78.45, 65.56, -82.15, 1.01, -0.66, 0.38, 0.15, 0.65, 0.04
16:29:45, 10.65, -17.33, -78.88, 0.64, -0.48, 0.42, 0.13, 0.66, 0.05
16:29:45, -33.86, -107.91, -64.28, 0.80, -0.52, 0.27, 0.11, 0.67, 0.05
16:29:46, -10.98, -63.16, -19.15, 0.93, -0.61, 0.40, 0.10, 0.68, 0.02
16:29:46, 15.21, -39.14, 12.43, 0.84, -0.59, 0.25, 0.09, 0.69, 0.02
16:29:46, 34.78, 8.82, 12.09, 0.86, -0.47, 0.25, 0.08, 0.69, 0.02
16:29:46, 45.12, 52.43, 22.31, 0.91, -0.48, 0.26, 0.09, 0.70, 0.03
16:29:46, 30.42, 24.95, 13.34, 0.74, -0.60, 0.37, 0.09, 0.69, 0.04
16:29:46, 15.58, 3.01, -4.69, 0.78, -0.53, 0.19, 0.10, 0.69, 0.05
16:29:46, 30.48, 12.89, 12.48, 0.95, -0.69, 0.34, 0.10, 0.68, 0.06
16:29:46, 32.35, 16.68, 37.76, 0.80, -0.65, 0.40, 0.10, 0.68, 0.06
16:29:46, -7.34, -16.08, -1.38, 0.68, -0.54, 0.33, 0.11, 0.67, 0.07
16:29:46, 12.70, -6.12, -5.91, 0.70, -0.40, 0.22, 0.11, 0.67, 0.07
16:29:46, 28.19, 13.25, -2.62, 0.85, -0.45, 0.25, 0.11, 0.67, 0.07
16:29:46, 50.78, 44.21, 34.48, 0.90, -0.50, 0.15, 0.12, 0.67, 0.08
16:29:46, 62.24, 44.17, 56.76, 0.88, -0.51, 0.21, 0.13, 0.66, 0.11
16:29:46, 60.05, 39.38, 99.56, 1.15, -0.49, 0.09, 0.15, 0.65, 0.13
16:29:46, 99.92, 113.46, 169.54, 0.92, -0.50, -0.18, 0.18, 0.62, 0.15
16:29:46, 123.99, 188.00, 185.48, 1.01, -0.28, 0.31, 0.22, 0.58, 0.21
16:29:46, 73.11, 258.92, 174.47, 0.75, -0.13, 0.31, 0.24, 0.54, 0.25
16:29:46, 39.80, 172.27, 102.75, 1.08, -0.28, -0.20, 0.24, 0.51, 0.30
16:29:46, 63.96, 162.30, 82.96, 1.05, -0.20, -0.48, 0.24, 0.48, 0.35
16:29:46, 65.35, 136.13, 73.82, 0.94, -0.20, -0.29, 0.22, 0.46, 0.38
16:29:46, 23.84, 105.69, 59.04, 0.81, -0.11, -0.29, 0.22, 0.43, 0.41
16:29:46, 1.66, 115.12, 61.63, 0.74, 0.02, -0.53, 0.20, 0.43, 0.43
16:29:46, 24.56, 116.86, 34.47, 0.80, 0.07, -0.44, 0.19, 0.41, 0.45
16:29:46, -12.28, 105.02, -8.40, 0.73, -0.00, -0.55, 0.18, 0.41, 0.46
16:29:46, -34.04, 83.47, -9.25, 0.72, 0.02, -0.66, 0.15, 0.42, 0.48
16:29:46, -29.98, 73.06, -41.44, 0.75, 0.05, -0.69, 0.13, 0.43, 0.49
16:29:46, -56.65, 92.01, -102.61, 0.72, -0.17, -0.76, 0.12, 0.44, 0.49
16:29:46, -37.80, 60.44, -86.50, 0.54, -0.10, -0.65, 0.07, 0.47, 0.50
16:29:46, -26.96, 108.00, -104.17, 0.60, -0.15, -0.78, 0.05, 0.48, 0.50
16:29:46, -26.00, 117.72, -74.65, 0.56, -0.28, -0.87, 0.00, 0.50, 0.50
16:29:46, -9.27, 60.87, -4.86, 0.51, -0.16, -0.78, -0.03, 0.51, 0.50
16:29:46, 30.03, 52.67, 7.46, 0.40, -0.21, -0.74, -0.04, 0.51, 0.51
16:29:46, 18.44, 38.99, 8.55, 0.41, -0.14, -0.83, -0.05, 0.50, 0.52
16:29:47, -30.55, -22.22, 7.62, 0.50, -0.24, -1.10, -0.06, 0.51, 0.52
16:29:47, -43.58, -106.62, 46.54, 0.45, -0.16, -0.78, -0.04, 0.51, 0.51
16:29:47, -8.81, -129.02, 44.34, 0.60, -0.21, -0.80, -0.01, 0.52, 0.50
16:29:47, 22.25, -93.44, 43.91, 0.61, -0.22, -0.70, 0.03, 0.51, 0.48
16:29:47, 15.24, -60.75, 0.16, 0.88, -0.21, -0.75, 0.05, 0.51, 0.48
16:29:47, -9.74, -68.52, -35.31, 0.83, -0.17, -0.80, 0.06, 0.51, 0.48
16:29:47, -22.85, -128.42, -24.83, 0.71, -0.23, -0.58, 0.07, 0.52, 0.47
16:29:47, -49.41, -158.54, -30.35, 0.69, -0.26, -0.53, 0.09, 0.52, 0.44
16:29:47, -72.06, -190.88, -38.57, 0.73, -0.21, -0.56, 0.11, 0.54, 0.41
16:29:47, -60.53, -169.62, -55.98, 0.85, -0.28, -0.48, 0.14, 0.56, 0.36
16:29:47, -11.16, -78.59, -34.89, 0.91, -0.35, -0.41, 0.14, 0.58, 0.34
16:29:47, 8.36, -11.92, -19.61, 0.90, -0.33, -0.33, 0.13, 0.60, 0.33
16:29:47, -10.77, 2.69, -14.99, 1.62, -0.45, -0.26, 0.12, 0.60, 0.34
16:29:47, -4.66, -10.79, -8.42, 0.97, -0.39, -0.37, 0.10, 0.63, 0.34
16:29:47, 7.40, 26.01, 16.84, 0.94, -0.38, -0.37, 0.09, 0.64, 0.33
16:29:47, 11.53, 5.90, 18.48, 0.86, -0.36, -0.34, 0.09, 0.64, 0.34
16:29:47, 7.79, 18.32, 14.15, 0.85, -0.30, -0.34, 0.09, 0.63, 0.34
16:29:47, -3.87, -0.15, 8.99, 0.75, -0.09, -0.67, 0.10, 0.62, 0.34
16:29:47, 21.52, 27.29, 4.09, 0.85, -0.29, -0.43, 0.11, 0.61, 0.35
16:29:47, 50.53, 74.80, 6.31, 0.84, -0.25, -0.51, 0.11, 0.60, 0.36
16:29:47, 66.82, 97.01, 5.37, 0.83, -0.25, -0.40, 0.11, 0.58, 0.38
16:29:47, 73.41, 92.04, 19.38, 1.11, -0.36, -0.11, 0.11, 0.55, 0.41
16:29:47, 35.60, 32.09, 25.08, 0.96, -0.29, -0.58, 0.10, 0.54, 0.43
16:29:47, 53.21, 22.04, 21.09, 0.82, -0.23, -0.63, 0.10, 0.52, 0.44
16:29:47, 26.11, 60.45, 0.48, 0.67, -0.21, -0.30, 0.10, 0.51, 0.45
16:29:47, 49.24, -1.36, -43.02, 0.58, -0.14, -0.57, 0.09, 0.50, 0.46
16:29:47, 42.42, -15.36, -85.09, 0.65, -0.18, -0.61, 0.09, 0.50, 0.47
16:29:47, 48.11, 11.12, -65.81, 0.68, -0.36, -0.56, 0.08, 0.51, 0.47
16:29:47, 26.35, 12.36, -35.56, 0.57, -0.27, -0.43, 0.07, 0.50, 0.48
16:29:47, -31.16, 18.47, -41.59, 0.76, -0.22, -0.69, 0.06, 0.51, 0.48
16:29:47, -29.91, -15.53, -17.67, 0.97, -0.34, -0.72, 0.04, 0.53, 0.47
16:29:47, -30.20, -13.27, 14.07, 0.76, -0.35, -0.62, 0.05, 0.53, 0.47
16:29:47, -26.44, -39.56, 23.30, 0.71, -0.25, -0.70, 0.06, 0.53, 0.46
16:29:48, -20.02, -61.01, 99.70, 1.14, -0.49, -0.58, 0.08, 0.53, 0.45
16:29:48, 34.12, 36.76, 168.86, 0.68, 0.07, -0.43, 0.10, 0.51, 0.44
16:29:48, 20.53, 92.56, 123.52, 0.70, 0.01, -0.55, 0.12, 0.48, 0.46
16:29:48, -37.06, 44.05, 96.41, 0.66, -0.15, -0.47, 0.12, 0.47, 0.47
16:29:48, -39.13, -0.04, -0.09, 0.77, -0.05, -0.69, 0.12, 0.47, 0.46
16:29:48, -32.21, -41.47, -42.65, 0.70, -0.06, -0.84, 0.13, 0.48, 0.47
16:29:48, 16.31, -68.72, -14.88, 0.78, -0.12, -0.64, 0.13, 0.48, 0.45
16:29:48, 21.20, -31.89, 6.48, 0.86, -0.17, -0.53, 0.14, 0.48, 0.46
16:29:48, 7.39, -30.69, -5.30, 0.63, -0.07, -0.63, 0.14, 0.47, 0.45
16:29:48, -6.30, -44.68, -28.12, 0.41, -0.23, -0.81, 0.15, 0.48, 0.45
16:29:48, 10.26, -2.97, 1.79, 0.89, -0.16, -0.35, 0.15, 0.48, 0.44
16:29:48, 6.87, 21.08, 7.91, 0.87, -0.13, -0.58, 0.15, 0.48, 0.44
16:29:48, 1.21, -2.24, -3.30, 0.81, -0.14, -0.51, 0.15, 0.48, 0.44
16:29:48, 7.31, -1.59, 11.23, 0.90, -0.16, -0.71, 0.15, 0.48, 0.45
16:29:48, 10.27, -47.18, 17.16, 0.75, -0.11, -0.48, 0.16, 0.46, 0.44
16:29:48, 6.46, -6.41, 26.55, 0.80, -0.13, -0.46, 0.17, 0.46, 0.42
16:29:48, 22.10, -51.12, 28.03, 1.14, -0.59, 0.59, 0.17, 0.46, 0.43
16:29:48, 35.04, -137.84, 24.40, 1.12, 0.01, -0.40, 0.19, 0.45, 0.41
16:29:48, 14.45, -118.97, 11.38, 0.91, -0.06, -0.35, 0.22, 0.44, 0.39
16:29:48, 15.43, 44.12, 3.36, 0.98, -0.13, -0.09, 0.24, 0.44, 0.39
16:29:48, -21.30, 88.13, 18.28, 0.92, -0.09, -0.35, 0.24, 0.44, 0.40
16:29:48, -21.07, 26.64, 1.55, 0.96, -0.05, -0.37, 0.22, 0.44, 0.40
16:29:48, -4.87, 19.93, 6.35, 0.84, 0.01, -0.54, 0.22, 0.44, 0.40
16:29:48, 18.31, 50.43, -4.45, 0.89, -0.02, -0.43, 0.21, 0.44, 0.41
16:29:48, 7.60, 60.35, -8.29, 0.82, 0.01, -0.40, 0.20, 0.44, 0.42
16:29:48, 2.32, 73.09, -72.97, 0.81, -0.10, -0.49, 0.19, 0.44, 0.43
16:29:48, 2.01, 37.28, -46.87, 0.91, -0.14, -0.58, 0.17, 0.46, 0.45
16:29:48, -4.27, 24.51, -23.52, 0.87, -0.08, -0.58, 0.16, 0.46, 0.46
16:29:48, -6.98, -22.44, -29.28, 0.76, -0.12, -0.68, 0.15, 0.47, 0.45
16:29:48, -17.37, -83.26, -21.24, 0.79, -0.12, -0.57, 0.15, 0.48, 0.44
16:29:48, -15.86, -124.91, -25.11, 0.84, -0.18, -0.66, 0.17, 0.48, 0.42
16:29:48, -5.11, -89.02, -9.69, 0.89, -0.21, -0.37, 0.18, 0.49, 0.40
16:29:48, -2.97, -58.49, -10.47, 0.88, -0.19, -0.56, 0.20, 0.49, 0.39
16:29:48, -3.48, -137.53, -30.64, 1.00, -0.21, -0.36, 0.20, 0.50, 0.37
16:29:49, 5.77, -79.93, 3.31, 0.97, -0.28, -0.18, 0.22, 0.50, 0.35
16:29:49, 23.04, -32.09, 31.96, 0.92, -0.20, -0.33, 0.23, 0.50, 0.34
16:29:49, 0.41, -68.40, -17.31, 0.99, -0.16, -0.26, 0.24, 0.49, 0.34
16:29:49, -4.79, -25.76, 12.42, 0.94, -0.13, -0.07, 0.25, 0.49, 0.32
16:29:49, 6.44, -3.68, 14.48, 0.98, -0.21, -0.05, 0.24, 0.50, 0.31
16:29:49, 27.43, 53.96, 27.79, 0.84, -0.13, -0.11, 0.25, 0.49, 0.31
16:29:49, 21.00, 65.07, 17.83, 0.92, -0.14, -0.13, 0.24, 0.49, 0.33
16:29:49, 26.05, 50.03, 24.34, 1.08, -0.15, -0.24, 0.24, 0.48, 0.35
16:29:49, 40.42, 71.16, 44.22, 0.97, -0.15, -0.20, 0.24, 0.47, 0.36
16:29:49, 43.35, 154.56, 54.99, 0.88, -0.02, -0.44, 0.23, 0.45, 0.39
16:29:49, 36.05, 135.93, 45.97, 0.89, 0.00, -0.42, 0.21, 0.43, 0.43
16:29:49, 31.80, 78.73, 37.49, 0.79, 0.01, -0.60, 0.20, 0.43, 0.44
16:29:49, 45.22, 33.33, 19.05, 0.77, -0.01, -0.55, 0.19, 0.41, 0.45
16:29:49, 45.99, 32.44, 23.89, 0.89, -0.01, -0.48, 0.19, 0.40, 0.47
16:29:49, 29.20, -3.58, 30.42, 0.85, 0.03, -0.51, 0.18, 0.39, 0.48
16:29:49, 26.57, -14.06, 15.72, 0.66, 0.10, -0.62, 0.19, 0.37, 0.47
16:29:49, 16.54, -40.69, -5.25, 0.85, 0.08, -0.48, 0.20, 0.37, 0.48
16:29:49, 4.87, -31.87, -0.99, 0.83, 0.10, -0.46, 0.21, 0.37, 0.47
16:29:49, -12.43, -44.23, -5.16, 0.77, 0.08, -0.38, 0.22, 0.37, 0.46
16:29:49, -28.09, -38.42, -21.66, 0.77, 0.09, -0.49, 0.22, 0.37, 0.46
16:29:49, -21.64, -77.80, -39.93, 0.88, 0.06, -0.45, 0.23, 0.39, 0.44
16:29:49, -28.74, -25.41, -15.30, 0.90, 0.03, -0.26, 0.24, 0.40, 0.43
16:29:49, -34.20, -18.95, -24.75, 0.74, 0.05, -0.56, 0.24, 0.40, 0.42
16:29:49, 1.67, -36.85, -36.94, 1.03, -0.11, -0.41, 0.24, 0.42, 0.41
16:29:49, -5.90, 35.38, 3.73, 1.05, -0.05, -0.30, 0.24, 0.42, 0.41
16:29:49, 5.79, -4.24, -5.76, 0.75, 0.02, -0.91, 0.24, 0.43, 0.41
16:29:49, 21.36, 14.75, -11.02, 0.87, -0.05, -0.34, 0.24, 0.42, 0.42
16:29:49, 24.29, 39.03, -2.05, 1.00, -0.03, -0.45, 0.23, 0.42, 0.42
16:29:49, 19.41, 25.38, 2.34, 0.86, -0.03, -0.39, 0.22, 0.42, 0.42
16:29:49, 16.58, -35.38, -17.60, 0.91, -0.05, -0.36, 0.22, 0.42, 0.43
16:29:49, 5.39, -33.86, -12.12, 0.87, -0.08, -0.32, 0.23, 0.42, 0.42
16:29:49, 13.69, 24.04, -9.65, 0.85, -0.00, -0.44, 0.22, 0.42, 0.42
16:29:49, 12.58, -11.68, -11.99, 0.95, -0.04, -0.33, 0.22, 0.42, 0.42
16:29:50, 2.78, -5.84, -16.69, 0.88, -0.06, -0.26, 0.22, 0.42, 0.42
16:29:50, -3.96, 48.24, -2.00, 0.89, -0.02, -0.44, 0.22, 0.42, 0.43
16:29:50, 7.32, 4.07, -9.48, 0.88, -0.00, -0.49, 0.21, 0.42, 0.43
16:29:50, 3.75, -15.05, -17.29, 0.94, -0.04, -0.38, 0.21, 0.42, 0.43
16:29:50, -7.68, 0.01, -12.19, 0.90, -0.05, -0.35, 0.22, 0.43, 0.43
16:29:50, 1.72, 29.79, -6.92, 0.87, -0.05, -0.52, 0.22, 0.43, 0.43
16:29:50, 10.17, 9.69, -1.01, 0.99, -0.04, -0.42, 0.21, 0.43, 0.44
16:29:50, -6.88, -8.65, -0.74, 0.86, -0.07, -0.38, 0.20, 0.43, 0.44
16:29:50, -3.24, 6.94, -4.34, 0.90, -0.06, -0.41, 0.21, 0.43, 0.44
16:29:50, 1.93, 8.25, 2.39, 0.92, -0.08, -0.38, 0.21, 0.43, 0.43
16:29:50, 6.13, 12.92, 10.89, 1.00, 0.06, -0.29, 0.21, 0.44, 0.43
16:29:50, 30.78, 34.22, 18.19, 0.99, -0.08, -0.49, 0.19, 0.43, 0.44
16:29:50, 11.33, 7.45, 5.35, 0.78, -0.04, -0.43, 0.19, 0.42, 0.45
16:29:50, 4.25, -12.94, -6.86, 0.86, -0.04, -0.54, 0.19, 0.42, 0.45
16:29:50, 14.24, 2.90, -4.71, 0.86, -0.02, -0.50, 0.20, 0.42, 0.46
16:29:50, 16.90, -2.69, -9.84, 0.84, -0.01, -0.48, 0.19, 0.42, 0.46
16:29:50, 22.05, 13.21, -5.50, 0.90, -0.04, -0.54, 0.19, 0.42, 0.46
16:29:50, 18.54, -10.09, -6.89, 0.88, -0.00, -0.52, 0.19, 0.42, 0.46
16:29:50, 3.18, -36.86, -24.27, 0.82, -0.03, -0.48, 0.19, 0.42, 0.45
16:29:50, 1.98, -32.83, -25.56, 0.87, -0.06, -0.43, 0.19, 0.42, 0.45
16:29:50, -1.50, -2.00, -14.11, 0.83, -0.04, -0.34, 0.19, 0.42, 0.45
16:29:50, -7.53, -21.32, -26.64, 0.84, -0.06, -0.43, 0.19, 0.44, 0.45
16:29:50, -24.40, -33.90, -32.52, 0.99, -0.19, -0.34, 0.19, 0.44, 0.44
16:29:50, -14.61, 20.09, -10.68, 0.90, -0.11, -0.33, 0.19, 0.45, 0.44
16:29:50, -14.32, 65.79, -7.47, 0.92, -0.15, -0.44, 0.19, 0.45, 0.44
16:29:50, -20.01, 1.15, -22.44, 0.94, -0.14, -0.35, 0.18, 0.45, 0.45
16:29:50, -32.16, 14.92, -1.01, 0.98, -0.18, -0.38, 0.18, 0.47, 0.45
16:29:50, -21.79, 21.48, 1.11, 0.85, -0.14, -0.44, 0.17, 0.47, 0.45
16:29:50, -14.90, 57.76, 0.19, 0.83, -0.14, -0.37, 0.16, 0.48, 0.45
16:29:50, -30.00, 35.43, 6.26, 0.96, -0.19, -0.48, 0.16, 0.48, 0.45
16:29:50, -29.12, 20.35, 7.46, 0.84, -0.12, -0.49, 0.15, 0.49, 0.45
16:29:50, -27.30, 57.81, 13.65, 0.87, -0.14, -0.41, 0.15, 0.49, 0.45
16:29:50, -36.17, 77.79, 29.66, 0.83, -0.22, -0.52, 0.14, 0.50, 0.46
16:29:51, -44.21, 92.81, 45.26, 0.88, -0.19, -0.48, 0.12, 0.50, 0.46
16:29:51, -61.92, 97.67, 42.20, 0.72, -0.20, -0.77, 0.12, 0.50, 0.47
16:29:51, -57.96, 47.22, 9.11, 0.76, -0.20, -0.77, 0.10, 0.51, 0.47
16:29:51, -30.92, 34.05, 20.97, 0.80, -0.23, -0.66, 0.09, 0.53, 0.46
16:29:51, -30.36, 56.57, 26.58, 0.61, -0.16, -0.59, 0.09, 0.53, 0.46
16:29:51, -58.28, 89.52, 39.25, 0.78, -0.18, -0.53, 0.08, 0.53, 0.47
16:29:51, -106.58, 147.44, 56.31, 0.84, 0.22, -2.00, 0.07, 0.54, 0.47
16:29:51, 38.79, 23.85, 66.52, 0.51, -0.17, -0.65, 0.07, 0.54, 0.46
16:29:51, 16.56, 34.96, 53.23, 0.75, -0.09, -0.78, 0.07, 0.52, 0.48
16:29:51, -2.56, 35.89, 25.95, 0.72, -0.06, -0.68, 0.07, 0.52, 0.48
16:29:51, -2.03, 54.50, 17.66, 0.55, -0.07, -0.72, 0.07, 0.52, 0.49
16:29:51, -0.19, 75.03, -20.81, 0.45, -0.16, -0.97, 0.06, 0.51, 0.49
16:29:51, -4.33, 36.44, -10.32, 0.52, -0.10, -0.78, 0.04, 0.52, 0.49
16:29:51, -1.98, 11.99, -32.71, 0.53, -0.12, -0.91, 0.04, 0.53, 0.50
16:29:51, 1.53, 9.92, -35.09, 0.66, -0.24, -0.76, 0.03, 0.53, 0.50
16:29:51, 14.43, 31.75, -35.60, 0.60, -0.14, -0.79, 0.01, 0.53, 0.50
16:29:51, 41.40, 101.39, -31.05, 0.01, -0.05, -0.81, 0.00, 0.53, 0.51
16:29:51, 1.80, 29.22, 25.66, 0.45, -0.12, -0.88, -0.02, 0.52, 0.52
16:29:51, -15.71, 17.84, 38.14, 0.35, -0.15, -0.95, -0.03, 0.52, 0.52
16:29:51, 52.65, 19.90, 9.06, 0.39, -0.04, -0.79, -0.02, 0.52, 0.51
16:29:51, 19.48, 49.32, -18.44, 0.45, -0.08, -0.65, -0.03, 0.51, 0.52
16:29:51, 0.96, 33.81, -41.30, 0.40, 0.01, -1.01, -0.05, 0.51, 0.52
16:29:51, 109.14, 220.17, -70.39, -0.46, -0.32, -1.56, -0.06, 0.52, 0.53
16:29:51, 286.68, 284.20, -203.34, 0.32, -0.14, -0.52, -0.11, 0.49, 0.56
16:29:51, 81.11, -54.59, -177.17, 0.07, -0.07, -0.65, -0.20, 0.40, 0.59
16:29:51, -185.72, -217.38, -79.52, 0.50, -0.10, -0.55, -0.18, 0.38, 0.59
16:29:51, -232.48, -157.17, -66.64, 0.76, -0.25, -1.20, -0.11, 0.46, 0.56
16:29:51, -14.95, -31.33, -40.72, 0.18, 0.19, -0.60, -0.10, 0.49, 0.55
16:29:51, -26.09, -50.34, -51.69, 0.33, -0.23, -0.89, -0.10, 0.50, 0.55
16:29:51, -31.01, 19.35, 17.64, 0.49, -0.28, -0.67, -0.10, 0.50, 0.54
16:29:51, -115.34, -17.38, 27.19, 0.53, -0.30, -0.82, -0.10, 0.52, 0.53
16:29:51, -110.40, 1.65, 32.48, 0.41, -0.27, -0.81, -0.09, 0.55, 0.50
16:29:51, -22.70, 15.57, 2.47, 0.31, -0.24, -0.84, -0.09, 0.57, 0.50
16:29:52, 15.49, 33.08, -3.06, 0.48, -0.34, -0.87, -0.09, 0.58, 0.49
16:29:52, 59.90, 28.83, -18.09, 0.54, -0.38, -0.86, -0.10, 0.58, 0.50
16:29:52, 19.28, 21.57, -6.69, 0.48, -0.27, -0.81, -0.11, 0.56, 0.50
16:29:52, 22.41, 16.42, 7.79, 0.79, -0.35, -1.27, -0.11, 0.56, 0.50
16:29:52, 60.81, 37.28, -1.81, 0.07, -1.40, -1.93, -0.11, 0.55, 0.51
16:29:52, -24.12, -88.75, 22.70, 0.50, -0.00, -0.89, -0.10, 0.54, 0.51
16:29:52, 18.85, -47.07, -33.71, 0.48, -0.16, -0.63, -0.08, 0.54, 0.51
16:29:52, 51.94, 22.09, -42.24, 0.49, -0.27, -0.85, -0.08, 0.54, 0.52
16:29:52, -9.14, -83.95, -42.36, 0.49, -0.27, -0.91, -0.09, 0.53, 0.52
16:29:52, 7.27, -4.60, -10.61, 0.57, -0.31, -0.62, -0.08, 0.53, 0.52
16:29:52, 10.82, 32.16, 26.68, 0.56, -0.12, -0.93, -0.08, 0.53, 0.52
16:29:52, 24.15, -11.18, -4.59, 0.52, -0.16, -0.92, -0.08, 0.53, 0.53
16:29:52, -17.77, -28.80, -4.12, 0.53, -0.27, -0.93, -0.07, 0.53, 0.52
16:29:52, 9.48, 55.37, 25.20, 0.52, -0.26, -0.90, -0.07, 0.53, 0.52
16:29:52, 10.82, 126.22, 49.38, 0.28, -0.16, -1.06, -0.09, 0.54, 0.52
16:29:52, 0.45, 57.78, 31.50, 0.22, -0.13, -1.07, -0.12, 0.54, 0.52
16:29:52, -16.48, 0.20, 14.80, 0.29, -0.19, -1.06, -0.12, 0.54, 0.53
16:29:52, -3.88, 31.49, 23.01, 0.39, -0.22, -0.99, -0.11, 0.54, 0.53
16:29:52, -6.02, 49.11, 6.34, 0.25, -0.18, -1.06, -0.12, 0.55, 0.52
16:29:52, -23.46, 19.54, -30.34, 0.24, -0.27, -1.13, -0.14, 0.55, 0.52
16:29:52, -11.17, 38.59, -32.87, 0.37, -0.47, -1.11, -0.15, 0.56, 0.51
16:29:52, -8.43, 66.90, -15.37, 0.35, -0.32, -1.04, -0.19, 0.57, 0.52
16:29:52, -6.03, 19.22, -32.15, 0.33, -0.23, -0.93, -0.20, 0.58, 0.51
16:29:52, 7.70, 12.40, -37.98, 0.36, -0.28, -0.85, -0.21, 0.58, 0.51
16:29:52, -4.69, 3.58, -17.92, 0.34, -0.32, -1.02, -0.23, 0.58, 0.51
16:29:52, 7.65, -15.51, -22.50, 0.22, -0.37, -1.07, -0.23, 0.58, 0.51
16:29:52, 15.38, 25.17, -14.06, 0.24, -0.46, -0.98, -0.23, 0.59, 0.50
16:29:52, 26.42, 56.98, -31.75, -0.34, -0.73, -1.04, -0.24, 0.58, 0.50
16:29:52, -1.34, -12.82, -36.67, 0.13, -0.40, -0.96, -0.23, 0.54, 0.51
16:29:52, -19.98, -37.88, -30.93, 0.08, -0.40, -0.91, -0.23, 0.54, 0.51
16:29:52, -55.54, -73.47, -26.17, 0.12, -0.43, -0.90, -0.22, 0.54, 0.50
16:29:52, -108.43, -121.84, -14.84, 0.22, -0.44, -0.89, -0.19, 0.55, 0.48
16:29:52, -92.27, -86.82, -30.33, 0.35, -0.46, -0.93, -0.17, 0.56, 0.47
16:29:52, -43.06, -50.66, -81.17, 0.39, -0.49, -0.91, -0.16, 0.57, 0.45
16:29:53, 2.09, -58.64, -128.38, 0.25, -0.55, -0.97, -0.17, 0.57, 0.45
16:29:53, -80.68, 1.04, -113.64, 0.28, -0.52, -0.84, -0.18, 0.57, 0.45
16:29:53, -6.05, 17.38, -24.76, 0.43, -0.60, -0.61, -0.19, 0.57, 0.45
16:29:53, -43.65, -59.01, 59.70, 0.23, -0.57, -0.82, -0.19, 0.58, 0.44
16:29:53, 17.08, 96.94, 44.97, 0.45, -0.28, -1.07, -0.18, 0.58, 0.44
16:29:53, -23.55, 17.47, 138.78, 0.27, -0.44, -0.24, -0.19, 0.58, 0.44
16:29:53, -0.77, -110.83, 17.60, 0.89, -0.63, -0.37, -0.15, 0.57, 0.44
16:29:53, -83.97, -68.58, 33.43, 0.45, -0.62, -1.01, -0.13, 0.58, 0.43
16:29:53, -72.21, -67.75, 56.57, 0.46, -0.47, -0.96, -0.11, 0.59, 0.40
16:29:53, -2.74, 1.37, 20.88, 0.28, -0.33, -0.93, -0.10, 0.61, 0.40
16:29:53, 71.42, 58.24, -40.23, 0.32, -0.20, -0.82, -0.09, 0.61, 0.40
16:29:53, 15.44, 42.36, -18.59, 0.25, -0.47, -0.16, -0.11, 0.59, 0.42
16:29:53, 36.79, 118.22, -8.99, 0.73, -0.86, -0.95, -0.13, 0.59, 0.43
16:29:53, 34.01, 81.19, 66.68, 0.14, -0.29, -0.60, -0.14, 0.58, 0.44
16:29:53, -0.85, 41.65, 45.68, 0.23, -0.35, -0.82, -0.15, 0.59, 0.43
16:29:53, -3.47, -47.99, 30.20, 0.25, -0.22, -0.70, -0.13, 0.58, 0.44
16:29:53, 52.47, -20.87, -23.73, 0.31, -0.31, -0.47, -0.12, 0.58, 0.44
16:29:53, 12.84, -39.36, -12.83, 0.50, -0.36, -0.48, -0.12, 0.57, 0.45
16:29:53, 22.19, -3.75, 4.22, 0.22, -0.25, -0.54, -0.11, 0.56, 0.45
16:29:53, -9.74, -1.23, -0.24, 0.39, -0.28, -0.47, -0.11, 0.56, 0.46
16:29:53, 17.53, 45.48, -1.72, 0.24, -0.39, -0.93, -0.12, 0.56, 0.45
16:29:53, 28.94, 30.26, -9.94, 0.33, -0.42, -0.87, -0.13, 0.57, 0.46
16:29:53, 17.40, 48.06, 1.05, 0.52, -0.48, -0.95, -0.14, 0.57, 0.46
16:29:53, 18.32, 40.85, 25.69, 0.30, -0.37, -0.95, -0.15, 0.57, 0.47
16:29:53, 20.17, 39.68, -7.84, 0.29, -0.28, -0.91, -0.16, 0.57, 0.47
16:29:53, 36.49, 48.64, -1.50, 0.35, -0.33, -0.87, -0.17, 0.57, 0.48
16:29:53, 29.09, 27.60, 4.82, 0.25, -0.20, -0.87, -0.18, 0.56, 0.47
16:29:53, 18.69, -3.28, -3.21, 0.21, -0.18, -0.82, -0.18, 0.56, 0.49
16:29:53, -0.59, -27.20, -35.62, 0.08, -0.09, -0.95, -0.18, 0.55, 0.49
16:29:53, -7.04, -64.80, -78.68, 0.15, -0.22, -1.08, -0.17, 0.55, 0.48
16:29:53, 2.64, -75.71, -94.17, 0.28, -0.42, -1.13, -0.16, 0.54, 0.49
16:29:53, -27.06, -204.96, -81.03, 0.34, -0.56, -0.94, -0.15, 0.54, 0.48
16:29:53, 0.85, -220.35, -18.51, 0.22, -0.69, -0.92, -0.10, 0.54, 0.47
16:29:54, -21.97, -136.03, 38.67, 0.67, -0.58, -0.43, -0.07, 0.53, 0.47
16:29:54, 52.74, 5.40, -48.18, 0.53, -0.35, -0.11, -0.04, 0.54, 0.47
16:29:54, 30.49, 146.06, -63.59, 0.16, -0.57, -0.67, -0.06, 0.53, 0.47
16:29:54, 31.95, 215.40, -65.22, 0.15, -0.40, -0.75, -0.11, 0.53, 0.49
16:29:54, -106.72, 42.09, -44.27, 0.41, -0.60, -0.94, -0.16, 0.55, 0.48
16:29:54, -28.74, 48.50, 13.77, 0.38, -0.63, -0.68, -0.17, 0.55, 0.47
16:29:54, -52.48, 14.33, -28.12, 0.16, -0.82, -0.85, -0.17, 0.56, 0.46
16:29:54, -64.01, -49.65, -27.36, 0.24, -0.88, -0.68, -0.18, 0.58, 0.44
16:29:54, 19.97, 63.11, -43.65, 0.19, -0.59, -0.57, -0.18, 0.59, 0.44
16:29:54, 23.94, 39.96, -20.98, 0.19, -0.56, -0.72, -0.21, 0.58, 0.45
16:29:54, 46.94, -18.66, 2.70, 0.03, -0.38, -0.67, -0.21, 0.58, 0.45
16:29:54, -5.90, -37.48, -7.46, 0.32, -0.80, -0.77, -0.20, 0.58, 0.46
16:29:54, 38.92, 2.61, -13.40, 0.18, -0.63, -0.50, -0.20, 0.58, 0.46
16:29:54, 19.29, -3.44, -27.63, 0.22, -0.56, -0.99, -0.20, 0.57, 0.46
16:29:54, -29.62, -60.71, -6.34, 0.26, -0.64, -0.60, -0.20, 0.57, 0.46
16:29:54, -93.91, -19.88, 25.71, 0.22, -0.73, -0.64, -0.19, 0.57, 0.46
16:29:54, -76.02, 35.92, 30.91, 0.18, -0.72, -0.79, -0.18, 0.59, 0.44
16:29:54, -45.31, 45.97, 24.63, 0.18, -0.53, -0.63, -0.19, 0.61, 0.42
16:29:54, -17.53, 34.66, -7.80, 0.14, -0.57, -0.72, -0.19, 0.61, 0.42
16:29:54, -2.68, -13.77, 2.13, 0.21, -0.81, -0.79, -0.20, 0.61, 0.42
16:29:54, 9.29, -71.39, 11.78, 0.24, -0.70, -0.68, -0.18, 0.61, 0.42
16:29:54, 6.53, -51.23, 16.94, 0.25, -0.68, -0.59, -0.17, 0.62, 0.42
16:29:54, -23.92, -80.44, 41.21, 0.33, -0.73, -0.64, -0.16, 0.61, 0.42
16:29:54, -43.15, -102.86, 69.95, 0.35, -0.68, -0.86, -0.14, 0.62, 0.41
16:29:54, -41.18, -124.57, 57.36, 0.49, -0.56, -0.47, -0.10, 0.62, 0.40
16:29:54, 1.95, -67.86, 13.18, 0.54, -0.59, -0.49, -0.07, 0.62, 0.40
16:29:54, 46.27, 5.16, -34.06, 0.51, -0.62, -0.61, -0.06, 0.61, 0.39
16:29:54, 86.29, 38.01, -73.85, 0.50, -0.65, -0.63, -0.07, 0.61, 0.41
16:29:54, 101.40, 31.27, -76.55, 0.69, -0.63, -0.45, -0.09, 0.60, 0.43
16:29:54, 92.50, 34.38, -27.32, 0.45, -0.69, -0.81, -0.12, 0.58, 0.46
16:29:54, 73.96, 81.41, 5.96, 0.52, -0.48, -0.74, -0.13, 0.56, 0.46
16:29:54, 52.79, 48.55, -5.78, 0.67, -0.49, -0.70, -0.14, 0.55, 0.47
16:29:54, 70.07, 92.96, 37.89, 0.49, -0.43, -0.91, -0.15, 0.54, 0.49
16:29:55, 42.05, 40.04, 0.59, 0.09, -0.23, -0.87, -0.16, 0.53, 0.50
16:29:55, -13.87, -15.22, -9.03, 0.43, -0.41, -0.58, -0.16, 0.52, 0.50
16:29:55, 16.84, 58.20, -21.59, 0.28, -0.43, -0.88, -0.17, 0.52, 0.49
16:29:55, 10.46, 62.73, -11.54, 0.28, -0.43, -0.76, -0.19, 0.52, 0.50
16:29:55, 17.32, 47.91, -29.72, 0.32, -0.39, -0.70, -0.20, 0.52, 0.49
16:29:55, 24.47, 47.54, -23.43, 0.10, -0.51, -0.97, -0.22, 0.52, 0.49
16:29:55, 12.56, 26.69, 1.64, 0.21, -0.40, -0.87, -0.23, 0.51, 0.50
16:29:55, 16.49, 66.04, -9.44, 0.25, -0.26, -0.94, -0.23, 0.51, 0.50
16:29:55, 25.82, 70.85, -26.17, 0.20, -0.40, -0.91, -0.27, 0.51, 0.50
16:29:55, -8.09, 16.44, 0.68, 0.15, -0.46, -0.88, -0.28, 0.51, 0.50
16:29:55, -37.50, 41.34, 10.84, 0.04, -0.42, -0.94, -0.28, 0.51, 0.49
16:29:55, -46.47, 99.74, 50.14, 0.10, -0.61, -0.94, -0.30, 0.53, 0.48
16:29:55, -16.02, -32.32, 11.76, 0.11, -0.62, -0.90, -0.31, 0.54, 0.48
16:29:55, -9.90, -44.99, 18.99, 0.12, -0.50, -0.91, -0.29, 0.53, 0.47
16:29:55, -45.03, -73.72, 67.57, 0.84, -0.43, -0.69, -0.27, 0.53, 0.48
16:29:55, -107.70, -111.27, 113.90, 0.43, -0.53, -0.74, -0.23, 0.55, 0.46
16:29:55, -95.35, -151.67, 49.56, 0.05, -0.59, -0.92, -0.21, 0.57, 0.45
16:29:55, -17.95, -37.95, -11.14, 0.26, -0.48, -0.61, -0.16, 0.59, 0.43
16:29:55, 3.28, -38.84, -29.04, 0.41, -0.50, -0.60, -0.16, 0.60, 0.43
16:29:55, 5.83, -64.71, -44.80, 0.34, -0.63, -0.19, -0.16, 0.60, 0.43
16:29:55, -57.99, -164.46, -39.34, 0.20, -0.56, -0.72, -0.15, 0.60, 0.43
16:29:55, 5.64, -94.44, 5.80, 0.52, -0.49, -0.62, -0.13, 0.61, 0.42
16:29:55, 51.21, -35.41, 79.63, 0.47, -0.70, -0.34, -0.11, 0.60, 0.42
16:29:55, 126.59, -187.72, 72.75, 0.33, -1.05, -0.02, -0.07, 0.59, 0.43
16:29:55, 139.47, -142.97, 28.21, 0.36, -0.72, -0.38, -0.04, 0.56, 0.45
16:29:55, 110.13, -112.31, 25.42, 0.45, -0.71, -0.76, 0.01, 0.53, 0.46
16:29:55, -24.80, -68.56, -47.05, 0.67, -0.21, -0.65, 0.02, 0.51, 0.46
16:29:55, 51.10, 15.05, -67.55, 0.78, -0.41, -0.43, 0.03, 0.51, 0.45
16:29:55, -18.44, -80.36, 10.28, 0.58, -0.31, -0.57, 0.03, 0.51, 0.46
16:29:55, -60.73, -145.03, 65.66, 0.71, -0.51, -0.62, 0.04, 0.51, 0.45
16:29:55, -97.18, -157.35, 44.49, 1.00, -0.20, -0.50, 0.08, 0.52, 0.41
16:29:55, -114.50, -158.73, 35.25, 1.05, -0.46, -0.40, 0.10, 0.53, 0.38
16:29:55, -1.18, 7.35, 61.84, 1.03, -0.16, -0.21, 0.14, 0.54, 0.34
16:29:55, -62.30, 8.76, 111.50, 0.95, -0.73, -0.51, 0.15, 0.53, 0.34
16:29:56, -38.39, 29.58, 108.13, 0.87, -0.40, -0.24, 0.17, 0.53, 0.33
16:29:56, -115.53, 40.12, 27.73, 1.11, -0.21, -0.08, 0.19, 0.51, 0.32
16:29:56, -102.85, 72.42, 59.27, 0.99, -0.55, -0.14, 0.19, 0.52, 0.32
16:29:56, 78.86, -187.10, 60.47, 0.84, -0.52, -0.07, 0.20, 0.51, 0.30
16:29:56, 0.52, -68.92, 68.92, 1.09, 0.04, -0.60, 0.23, 0.49, 0.28
16:29:56, -10.71, -84.84, 55.46, 0.85, -0.24, -0.07, 0.24, 0.48, 0.27
16:29:56, -17.35, -82.87, 52.65, 1.13, -0.43, -0.14, 0.26, 0.46, 0.24
16:29:56, -5.91, -30.69, -49.18, 0.79, -0.23, -0.17, 0.27, 0.46, 0.23
16:29:56, 90.11, 126.67, -60.14, 0.86, -0.20, -0.17, 0.26, 0.47, 0.24
16:29:56, 15.71, 40.53, -27.19, 0.77, -0.21, -0.19, 0.25, 0.47, 0.28
16:29:56, 15.57, -30.19, 17.25, 1.04, -0.35, -0.12, 0.24, 0.48, 0.28
16:29:56, 46.94, -42.81, 49.31, 0.86, -0.33, -0.05, 0.25, 0.47, 0.27
16:29:56, 33.04, -5.25, 52.43, 1.02, -0.16, -0.22, 0.26, 0.46, 0.27
16:29:56, 67.90, 9.08, 85.08, 1.05, 0.02, -0.18, 0.27, 0.44, 0.27
16:29:56, 59.62, -13.10, 57.83, 0.92, -0.26, 0.04, 0.27, 0.41, 0.29
16:29:56, 59.87, -10.43, 38.95, 1.02, -0.06, -0.19, 0.28, 0.39, 0.29
16:29:56, 80.27, 22.25, 8.16, 1.03, -0.17, -0.14, 0.29, 0.38, 0.30
16:29:56, 64.00, 34.99, -2.56, 0.95, -0.09, -0.41, 0.29, 0.37, 0.31
16:29:56, 37.80, 23.40, 4.24, 0.93, -0.14, -0.09, 0.28, 0.36, 0.32
16:29:56, 2.55, 4.23, 8.53, 1.02, -0.07, -0.16, 0.28, 0.36, 0.33
16:29:56, -7.92, -3.67, 6.05, 0.95, -0.04, -0.26, 0.28, 0.36, 0.33
16:29:56, -8.54, -29.16, 11.59, 0.95, -0.13, -0.22, 0.28, 0.36, 0.33
16:29:56, -8.71, -23.92, 11.40, 1.04, -0.09, -0.22, 0.28, 0.36, 0.32
16:29:56, 3.81, -58.48, 9.41, 1.02, -0.03, -0.24, 0.29, 0.35, 0.31
16:29:56, 23.26, -72.91, 15.28, 1.00, -0.01, -0.11, 0.30, 0.35, 0.29
16:29:56, 16.95, -82.90, -8.23, 0.98, -0.23, 0.14, 0.31, 0.34, 0.27
16:29:56, 47.62, 18.51, 1.47, 0.91, 0.24, -0.36, 0.32, 0.35, 0.27
16:29:56, 26.84, -37.94, -0.26, 0.89, -0.12, 0.08, 0.31, 0.35, 0.26
16:29:56, 15.08, -46.11, -18.66, 0.84, -0.15, 0.05, 0.32, 0.34, 0.26
16:29:56, 19.74, -38.71, -38.17, 0.49, 0.08, -0.02, 0.32, 0.35, 0.25
16:29:56, 30.45, -53.48, -64.33, 0.92, -0.41, 0.00, 0.32, 0.35, 0.24
16:29:56, -3.33, 31.89, -63.77, 0.92, -0.34, -0.46, 0.32, 0.36, 0.24
16:29:56, 5.57, 26.97, -6.38, 1.08, -0.17, 0.09, 0.32, 0.37, 0.24
16:29:57, 0.18, 44.17, 1.60, 1.02, -0.09, 0.04, 0.31, 0.37, 0.24
16:29:57, 4.90, 79.54, 11.14, 0.87, -0.18, 0.04, 0.31, 0.38, 0.26
16:29:57, 4.41, 64.14, 24.18, 0.93, -0.13, -0.04, 0.30, 0.37, 0.28
16:29:57, -19.41, 97.98, 77.78, 0.43, -0.46, 1.05, 0.30, 0.37, 0.30
16:29:57, 29.43, 43.70, 3.32, 1.03, 0.06, -0.16, 0.28, 0.36, 0.32
16:29:57, 18.42, 26.68, 3.40, 1.00, -0.06, -0.24, 0.28, 0.36, 0.32
16:29:57, 35.10, 11.70, 0.62, 0.86, -0.05, -0.01, 0.28, 0.35, 0.33
16:29:57, 15.15, 10.25, -18.01, 0.96, -0.08, -0.13, 0.28, 0.35, 0.33
16:29:57, 8.64, 12.39, -3.52, 1.03, -0.07, -0.22, 0.28, 0.35, 0.34
16:29:57, 25.04, 5.07, 17.60, 1.02, -0.03, -0.26, 0.27, 0.36, 0.34
16:29:57, 59.85, 30.53, 22.76, 0.96, -0.04, -0.20, 0.28, 0.34, 0.34
16:29:57, 89.77, 70.25, 20.80, 0.96, 0.02, -0.26, 0.28, 0.33, 0.37
16:29:57, 78.10, 39.14, 14.61, 0.91, 0.01, -0.29, 0.27, 0.32, 0.38
16:29:57, 58.96, 19.42, -14.19, 0.82, 0.03, -0.33, 0.26, 0.30, 0.39
16:29:57, 70.89, 16.26, -35.07, 0.77, -0.07, -0.45, 0.26, 0.30, 0.40
16:29:57, 56.06, 74.03, -40.52, 0.80, 0.02, -0.48, 0.25, 0.30, 0.41
16:29:57, 46.58, 89.66, -19.16, 0.81, 0.01, -0.37, 0.23, 0.29, 0.43
16:29:57, 20.54, 31.15, -12.72, 0.91, -0.03, -0.41, 0.22, 0.30, 0.44
16:29:57, 25.09, -4.45, 9.71, 0.79, 0.03, -0.29, 0.23, 0.23, 0.44
16:29:58, 5.67, 54.38, -0.56, 0.93, 0.09, -0.39, 0.23, 0.23, 0.44
16:29:58, 32.35, -53.62, 18.41, 0.59, 0.20, -0.20, 0.23, 0.17, 0.44
16:29:58, 22.69, 21.41, 9.56, 0.72, 0.21, -0.43, 0.20, 0.14, 0.46
16:29:58, 20.38, 25.96, 32.42, 0.12, 0.71, -0.75, 0.20, 0.13, 0.46
16:29:58, 19.28, 5.47, 5.13, 1.09, 0.19, -0.42, 0.20, 0.12, 0.46
16:29:58, 12.57, -0.10, 1.72, 0.80, 0.21, -0.29, 0.19, 0.12, 0.46
16:29:58, 21.19, 10.65, 12.70, 0.81, 0.35, -0.39, 0.19, 0.12, 0.47
16:29:58, 23.72, 9.78, 5.81, 0.81, 0.28, -0.39, 0.19, 0.12, 0.47
16:29:58, 14.98, 8.12, -2.63, 0.75, 0.30, -0.41, 0.19, 0.11, 0.47
16:29:58, -4.49, 5.26, -18.81, 0.73, 0.30, -0.35, 0.19, 0.11, 0.47
16:29:58, -22.48, -14.88, -25.59, 0.83, 0.31, -0.36, 0.18, 0.11, 0.48
16:29:58, -31.43, -22.23, -26.42, 0.84, 0.27, -0.44, 0.19, 0.12, 0.47
16:29:58, -28.52, -19.23, -23.12, 0.82, 0.25, -0.45, 0.19, 0.13, 0.47
16:29:58, -32.77, -38.21, -36.23, 0.75, 0.22, -0.38, 0.20, 0.14, 0.47
16:29:58, -63.52, -76.06, -100.67, 0.74, 0.03, -0.71, 0.20, 0.16, 0.46
16:29:58, -72.65, -164.48, -104.57, 0.98, 0.13, -0.46, 0.22, 0.19, 0.45
16:29:58, -72.80, -164.50, -84.29, 1.13, 0.13, -0.45, 0.24, 0.22, 0.42
16:29:58, -61.89, -169.34, -47.22, 1.17, -0.01, -0.36, 0.26, 0.23, 0.39
16:29:58, -30.62, -52.24, -27.22, 1.22, -0.16, -0.11, 0.29, 0.25, 0.36
16:29:58, -2.33, -32.07, -22.38, 0.52, 0.11, -0.17, 0.28, 0.25, 0.38
16:29:59, -17.31, -89.14, -86.61, 0.88, -0.15, -0.20, 0.28, 0.26, 0.36
16:29:59, -6.73, -29.85, -52.19, 1.16, 0.10, -0.33, 0.28, 0.28, 0.35
16:29:59, -1.27, 11.21, -5.97, 1.13, -0.00, -0.22, 0.29, 0.29, 0.35
16:29:59, 5.92, -0.32, -9.18, 0.77, -0.09, -0.14, 0.28, 0.28, 0.35
16:29:59, 5.09, -18.61, -40.73, 0.95, -0.19, -0.10, 0.29, 0.28, 0.35
16:29:59, 9.50, -12.69, -25.58, 1.06, -0.03, -0.25, 0.29, 0.30, 0.35
16:29:59, 24.59, 29.92, 23.84, 1.35, -0.05, -0.26, 0.29, 0.30, 0.34
16:29:59, 40.03, 14.57, 50.10, 0.79, -0.20, -0.14, 0.29, 0.28, 0.35
16:29:59, -14.23, -7.31, -49.60, 0.84, -0.40, 0.92, 0.26, 0.31, 0.36
16:29:59, -43.86, 29.72, -35.43, 0.78, -0.04, -0.06, 0.25, 0.32, 0.35
16:29:59, -7.21, 28.43, 0.53, 1.25, 0.04, 0.57, 0.24, 0.34, 0.36
16:29:59, -2.58, -19.01, 1.47, 0.61, 0.15, 0.03, 0.26, 0.32, 0.36
16:29:59, -19.76, -44.86, -28.56, 1.07, 0.21, 0.28, 0.25, 0.34, 0.36
16:29:59, -18.51, -18.25, -2.31, 1.17, -0.07, -0.21, 0.23, 0.36, 0.36
16:29:59, -47.82, 22.41, 43.95, -0.00, 0.89, -2.00, 0.22, 0.37, 0.36
16:29:59, -5.89, -12.25, 15.25, 0.95, -0.08, -0.24, 0.26, 0.33, 0.36
16:29:59, -1.40, -36.24, 20.38, 1.02, -0.09, -0.13, 0.27, 0.32, 0.35
16:29:59, 5.99, 56.62, 37.61, 1.04, 0.01, -0.13, 0.28, 0.31, 0.35
16:29:59, 29.36, 148.49, 52.99, 0.38, -0.13, -0.78, 0.27, 0.30, 0.37
16:29:59, 22.30, 110.35, 1.08, 0.91, 0.42, -0.43, 0.26, 0.30, 0.38
16:29:59, 29.67, 97.82, -13.58, 0.90, 0.00, -0.44, 0.24, 0.30, 0.41
16:29:59, -0.67, 82.35, 9.48, 0.90, 0.06, -0.30, 0.22, 0.30, 0.42
16:29:59, -12.59, 170.62, -9.72, 0.86, 0.11, -0.23, 0.21, 0.30, 0.44
16:29:59, -53.46, 157.25, -19.06, 0.74, 0.22, -0.45, 0.18, 0.31, 0.46
16:29:59, -61.39, 149.14, -24.39, 0.61, 0.11, -0.91, 0.15, 0.33, 0.48
16:29:59, 13.66, 141.34, -94.34, 0.85, 0.03, -0.65, 0.12, 0.34, 0.50
16:29:59, -99.44, 130.62, -49.94, 0.78, -0.17, -0.45, 0.09, 0.35, 0.50
16:29:59, -144.94, 202.56, -3.49, 0.74, -0.44, -0.46, 0.04, 0.40, 0.53
16:29:59, -56.73, 225.93, 46.57, 0.57, -0.39, -0.97, 0.00, 0.43, 0.52
16:29:59, 49.28, 201.79, 23.76, 0.58, -0.37, -0.94, -0.04, 0.43, 0.53
16:29:59, -23.79, 152.91, 50.55, 0.54, -0.39, -0.72, -0.08, 0.42, 0.55
16:29:59, -92.81, 120.54, 76.71, 0.60, -0.40, -0.63, -0.10, 0.44, 0.54
16:29:59, 28.85, 134.98, 16.98, 0.66, -0.43, -0.75, -0.12, 0.45, 0.54
16:29:59, 33.58, 108.56, 2.30, 0.40, -0.35, -1.06, -0.16, 0.44, 0.54
16:29:59, -4.48, 19.64, -29.58, 0.12, -0.20, -1.02, -0.18, 0.43, 0.55
16:29:59, -11.86, 1.89, -36.17, 0.10, -0.13, -0.82, -0.18, 0.43, 0.55
16:29:59, 36.95, 11.85, -54.50, 0.05, -0.11, -0.91, -0.19, 0.43, 0.54
16:30:0, 52.52, 56.62, -53.57, 0.20, -0.26, -0.77, -0.20, 0.42, 0.55
16:30:0, 62.90, 108.17, -30.22, 0.16, -0.02, -1.15, -0.22, 0.41, 0.55
16:30:0, 10.55, 53.03, -39.77, 0.30, -0.42, -1.07, -0.26, 0.39, 0.54
16:30:0, 36.05, 33.32, 20.66, -0.02, -0.03, -0.93, -0.28, 0.40, 0.55
16:30:0, -5.79, 44.37, -7.87, -0.03, 0.07, -0.82, -0.29, 0.39, 0.55
16:30:0, -54.15, -19.66, -19.42, 0.22, -0.34, -0.86, -0.30, 0.41, 0.55
16:30:0, 27.09, 37.28, -11.81, 0.64, -0.20, 0.12, -0.30, 0.41, 0.55
16:30:0, 63.81, 76.39, -2.93, -0.24, -0.09, -0.70, -0.31, 0.40, 0.54
16:30:0, 87.40, 94.96, -28.67, -0.08, -0.04, -1.13, -0.33, 0.39, 0.55
16:30:0, 40.00, 68.31, -40.95, -0.17, 0.03, -1.16, -0.35, 0.36, 0.54
16:30:0, 1.91, 17.76, -36.04, -0.01, -0.23, -1.09, -0.36, 0.35, 0.54
16:30:0, 27.66, 34.68, -44.69, -0.17, 0.02, -0.92, -0.37, 0.35, 0.53
16:30:0, 111.18, 106.92, -75.54, -0.08, -0.19, -1.08, -0.38, 0.32, 0.53
16:30:0, 159.30, 123.34, -61.62, 0.06, -0.23, -0.97, -0.41, 0.29, 0.51
16:30:0, 163.21, 133.50, -15.96, -0.09, -0.03, -0.77, -0.43, 0.26, 0.50
16:30:0, 83.54, 84.98, -57.28, -0.35, 0.32, -0.76, -0.47, 0.23, 0.48
16:30:0, -16.65, 24.06, -28.71, -0.51, 0.18, -0.93, -0.48, 0.22, 0.48
16:30:0, -21.36, -21.52, -38.36, -0.43, 0.24, -0.97, -0.48, 0.22, 0.48
16:30:0, 1.64, -53.83, -35.38, -0.48, 0.19, -1.17, -0.48, 0.22, 0.49
16:30:0, 5.02, -96.43, -43.06, -0.51, 0.36, -1.35, -0.46, 0.21, 0.50
16:30:0, -19.65, -155.33, -68.00, -0.19, 0.37, -1.27, -0.45, 0.21, 0.50
16:30:0, -31.20, -175.01, -79.11, -0.03, 0.21, -1.16, -0.41, 0.20, 0.52
16:30:0, 2.45, -119.56, -83.70, 0.10, 0.12, -0.93, -0.36, 0.19, 0.54
16:30:0, 36.85, -88.48, -88.94, 0.07, 0.17, -0.92, -0.31, 0.17, 0.55
16:30:0, 63.72, -137.49, -104.34, -0.30, -0.15, -0.60, -0.28, 0.15, 0.56
16:30:0, 15.79, -1.58, -96.07, 0.04, 0.00, -0.60, -0.26, 0.13, 0.56
16:30:0, 4.52, 56.41, -70.16, 0.10, 0.11, -0.86, -0.26, 0.11, 0.56
16:30:0, 0.17, 19.83, -100.67, 0.36, 0.08, -0.93, -0.26, 0.11, 0.56
16:30:0, -31.69, -14.68, -33.77, 0.24, 0.05, -0.79, -0.26, 0.11, 0.57
16:30:0, 52.87, 0.16, 2.41, 0.38, 0.03, -0.94, -0.26, 0.11, 0.56
16:30:0, 114.93, -26.20, 29.60, 0.09, 0.32, -0.95, -0.26, 0.09, 0.56
16:30:0, 55.46, -7.23, -20.34, 0.01, 0.35, -0.88, -0.25, 0.06, 0.55
16:30:0, 82.39, 92.50, -68.78, 0.36, 0.21, -0.91, -0.26, 0.05, 0.55
16:30:1, 42.24, 70.82, -36.92, -0.09, 0.46, -0.96, -0.28, 0.03, 0.53
16:30:1, 6.70, 48.90, -46.53, 0.00, 0.22, -0.86, -0.28, 0.01, 0.52
16:30:1, -30.66, 89.12, -9.95, -0.18, 0.24, -0.97, -0.29, 0.01, 0.52
16:30:1, -24.63, 50.91, -55.82, -0.13, 0.37, -1.05, -0.31, 0.02, 0.53
16:30:1, -46.67, 31.21, -61.05, -0.01, 0.04, -0.93, -0.32, 0.02, 0.52
16:30:1, -45.52, 30.20, -45.36, -0.21, 0.26, -1.05, -0.32, 0.03, 0.52
16:30:1, -46.87, -10.43, -55.35, -0.08, 0.18, -1.04, -0.32, 0.05, 0.53
16:30:1, -22.58, 7.44, -49.98, -0.04, 0.12, -1.03, -0.31, 0.05, 0.53
16:30:1, -59.94, -43.09, -58.23, -0.01, 0.20, -0.97, -0.30, 0.05, 0.54
16:30:1, -29.37, -30.23, -36.30, 0.05, 0.08, -1.05, -0.29, 0.07, 0.54
16:30:1, 12.06, 8.91, -39.17, 0.07, 0.16, -1.08, -0.27, 0.07, 0.54
16:30:1, 0.93, -13.55, -37.72, 0.07, 0.14, -1.09, -0.27, 0.06, 0.55
16:30:1, -3.35, -22.16, -29.25, 0.07, 0.12, -0.96, -0.26, 0.06, 0.55
16:30:1, 6.63, -6.23, -23.04, 0.02, 0.13, -0.95, -0.26, 0.06, 0.55
16:30:1, 38.05, -0.36, -26.55, -0.04, 0.13, -0.94, -0.25, 0.06, 0.54
16:30:1, 23.30, -15.99, -10.52, -0.06, 0.12, -0.85, -0.24, 0.04, 0.54
16:30:1, 35.15, 1.65, -4.63, -0.07, 0.15, -0.83, -0.24, 0.04, 0.53
16:30:1, 55.43, -6.20, -5.46, -0.01, 0.14, -0.84, -0.24, 0.03, 0.54
16:30:1, 22.83, -6.42, -26.28, 0.21, 0.25, -0.88, -0.23, 0.02, 0.53
16:30:1, 8.64, -5.30, 3.22, 0.13, 0.13, -0.93, -0.22, 0.01, 0.53
16:30:1, -33.64, -18.60, -1.47, -0.06, 0.32, -1.05, -0.21, 0.01, 0.53
16:30:1, -8.82, 5.67, -24.65, 0.18, 0.11, -1.05, -0.20, 0.02, 0.54
16:30:1, -24.69, -1.69, -21.58, 0.13, 0.17, -0.84, -0.20, 0.02, 0.53
16:30:1, -47.46, 4.46, -21.68, 0.27, 0.21, -1.11, -0.19, 0.03, 0.53
16:30:1, 1.28, -38.71, -4.56, 0.31, -0.02, -1.14, -0.18, 0.03, 0.54
16:30:1, 77.39, -99.88, 38.15, 0.31, 0.11, -0.91, -0.17, 0.03, 0.54
16:30:1, 18.98, -26.99, 21.87, 0.24, 0.58, -0.38, -0.14, 0.01, 0.53
16:30:1, -22.97, 6.28, -5.65, 0.42, 0.12, -1.10, -0.14, 0.01, 0.53
16:30:1, -0.72, -17.27, 12.14, 0.27, 0.20, -1.04, -0.14, 0.02, 0.53
16:30:1, 6.93, 13.82, -12.91, 0.32, 0.25, -0.97, -0.13, 0.03, 0.53
16:30:1, -26.52, -13.97, -19.62, 0.31, 0.30, -0.99, -0.13, 0.03, 0.53
16:30:1, -24.23, -33.12, -48.01, 0.27, 0.31, -0.91, -0.13, 0.04, 0.53
16:30:2, -28.66, -10.28, -49.53, 0.36, 0.18, -0.85, -0.12, 0.05, 0.53
16:30:2, -9.79, 11.23, -37.56, 0.32, 0.24, -1.00, -0.11, 0.06, 0.53
16:30:2, 12.88, 10.85, -28.65, 0.29, 0.19, -0.88, -0.11, 0.06, 0.53
16:30:2, 7.63, 12.06, -22.57, 0.32, 0.15, -0.85, -0.10, 0.06, 0.53
16:30:2, 15.17, 24.22, -13.40, 0.23, 0.18, -0.87, -0.11, 0.05, 0.54
16:30:2, 29.65, 28.66, -10.29, 0.25, 0.14, -0.88, -0.11, 0.05, 0.54
16:30:2, 16.21, 20.39, -11.40, 0.24, 0.17, -0.80, -0.12, 0.05, 0.53
16:30:2, -3.61, 12.51, -20.81, 0.20, 0.15, -0.87, -0.12, 0.05, 0.54
16:30:2, 3.38, 23.68, -26.12, 0.23, 0.11, -0.90, -0.12, 0.05, 0.54
16:30:2, 6.86, 26.62, -25.72, 0.17, 0.11, -0.95, -0.12, 0.04, 0.53
16:30:2, 9.35, 22.88, -29.15, 0.16, 0.11, -0.97, -0.12, 0.05, 0.53
16:30:2, 18.74, 30.34, -29.66, 0.10, 0.16, -0.95, -0.12, 0.04, 0.53
16:30:2, 39.26, 55.67, -47.22, 0.02, 0.12, -1.08, -0.12, 0.03, 0.52
16:30:2, 35.92, 39.90, -54.84, -0.05, 0.12, -1.04, -0.12, 0.03, 0.52
16:30:2, 37.14, 37.12, -59.96, -0.07, 0.17, -0.83, -0.12, 0.02, 0.52
16:30:2, 45.18, 51.72, -65.71, -0.04, 0.20, -0.87, -0.12, 0.01, 0.52
16:30:2, 32.31, 41.25, -63.40, -0.02, 0.19, -0.99, -0.12, -0.00, 0.51
16:30:2, 5.17, 12.40, -50.78, -0.01, 0.17, -1.09, -0.11, -0.01, 0.50
16:30:2, 11.94, 2.92, -48.14, 0.03, 0.16, -1.07, -0.10, -0.01, 0.50
16:30:2, 17.41, 8.92, -36.55, 0.03, 0.15, -0.95, -0.09, -0.01, 0.50
16:30:2, 4.05, 2.32, -28.46, -0.04, 0.18, -0.89, -0.09, -0.01, 0.50
16:30:2, -52.00, 29.52, -30.26, 0.08, 0.15, -0.79, -0.08, -0.01, 0.50
16:30:2, -37.05, 18.23, -5.31, 0.01, 0.21, -1.08, -0.08, 0.01, 0.51
16:30:2, 1.13, 7.60, 5.04, -0.05, 0.20, -1.06, -0.08, 0.01, 0.51
16:30:2, 26.78, 8.33, 4.92, -0.04, 0.13, -0.99, -0.08, 0.02, 0.51
16:30:2, 39.76, 9.37, 2.95, -0.08, 0.17, -1.02, -0.07, 0.01, 0.50
16:30:2, 37.98, -3.01, 19.46, -0.01, 0.13, -1.06, -0.06, -0.01, 0.49
16:30:2, 52.60, -1.89, 29.71, -0.03, 0.22, -0.97, -0.05, -0.01, 0.48
16:30:2, 55.23, 12.13, 27.11, 0.03, 0.22, -0.88, -0.05, -0.02, 0.47
16:30:2, 26.84, 5.99, 26.35, 0.05, 0.20, -0.94, -0.04, -0.03, 0.46
16:30:2, 19.05, 11.24, 12.21, 0.16, 0.26, -0.86, -0.03, -0.04, 0.46
16:30:2, -3.25, 13.37, -1.26, 0.21, 0.26, -0.86, -0.02, -0.04, 0.45
16:30:2, -13.84, 6.72, -10.24, 0.26, 0.22, -0.89, -0.01, -0.04, 0.45
16:30:2, -31.12, 5.21, -8.12, 0.30, 0.16, -0.89, -0.00, -0.03, 0.44
16:30:3, -53.87, -1.41, -2.02, 0.36, 0.05, -1.03, 0.01, -0.02, 0.44
16:30:3, -57.22, 0.29, 10.96, 0.39, 0.05, -0.99, 0.02, -0.00, 0.45
16:30:3, -42.31, -3.06, 15.09, 0.26, 0.18, -0.98, 0.02, 0.01, 0.45
16:30:3, -20.36, 3.69, 15.91, 0.31, 0.09, -0.88, 0.03, 0.02, 0.45
16:30:3, -4.93, 15.16, 24.03, 0.29, 0.11, -0.83, 0.03, 0.02, 0.45
16:30:3, -6.46, 15.02, 28.61, 0.19, 0.20, -0.83, 0.02, 0.02, 0.44
16:30:3, -14.65, 16.98, 3.31, 0.17, 0.19, -1.04, 0.02, 0.02, 0.44
16:30:3, 27.16, 19.74, -12.56, 0.12, 0.10, -1.08, 0.02, 0.02, 0.45
16:30:3, 61.87, 23.48, -10.81, 0.06, 0.05, -1.05, 0.01, 0.01, 0.44
16:30:3, 19.90, -36.35, -9.55, -0.28, 0.46, -1.25, 0.01, 0.01, 0.43
16:30:3, 52.23, -39.47, -26.18, 0.22, -0.09, -1.05, 0.02, -0.00, 0.42
16:30:3, 45.97, -10.93, -23.09, 0.11, 0.23, -1.02, 0.03, -0.01, 0.41
16:30:3, -3.14, -28.02, -10.67, 0.13, 0.24, -0.99, 0.04, -0.02, 0.40
16:30:3, -20.62, -23.96, 28.35, 0.20, 0.19, -0.99, 0.05, -0.01, 0.40
16:30:3, -20.00, -26.79, 56.55, 0.05, 0.25, -0.96, 0.04, -0.01, 0.41
16:30:3, -51.03, -30.91, 45.25, 0.03, 0.18, -0.98, 0.04, -0.01, 0.41
16:30:3, -28.59, -21.07, 26.70, 0.09, 0.03, -0.85, 0.04, -0.00, 0.42
16:30:3, -3.99, -3.52, 29.38, 0.06, 0.08, -0.83, 0.04, -0.01, 0.42
16:30:3, 15.86, 1.13, 20.32, 0.04, 0.14, -0.85, 0.04, 0.00, 0.42
16:30:3, 11.83, -21.00, 11.31, 0.02, 0.07, -0.91, 0.04, -0.01, 0.42
16:30:3, 27.26, -22.18, 28.55, 0.21, 0.25, -0.60, 0.04, -0.01, 0.41
16:30:3, -36.29, -14.99, 31.75, 0.25, 0.31, -0.75, 0.03, -0.02, 0.42
16:30:3, -65.80, 4.07, 5.23, 0.17, 0.19, -0.85, 0.03, -0.02, 0.42
16:30:3, -51.53, 23.69, -16.06, 0.20, 0.01, -0.94, 0.02, 0.01, 0.43
16:30:3, -37.74, 55.56, -53.16, 0.15, 0.00, -0.95, 0.01, 0.01, 0.44
16:30:3, -1.19, 73.60, -113.98, -0.02, -0.02, -1.07, 0.01, 0.02, 0.45
16:30:3, 45.64, 25.85, -183.57, 0.09, 0.11, -0.90, 0.01, 0.03, 0.45
16:30:3, 2.97, 54.98, -126.27, 0.16, 0.05, -1.00, 0.01, 0.03, 0.45
16:30:3, -52.51, 60.58, -39.68, 0.14, 0.22, -0.79, 0.00, 0.04, 0.46
16:30:3, -112.94, 51.63, -62.13, -0.04, 0.12, -1.07, -0.01, 0.05, 0.47
16:30:3, -99.90, 31.55, -151.17, -0.08, 0.05, -0.76, -0.02, 0.09, 0.49
16:30:3, -66.68, 44.32, -90.89, -0.13, 0.03, -0.82, -0.03, 0.11, 0.49
16:30:3, 27.04, 56.97, -56.90, -0.19, 0.07, -0.95, -0.03, 0.12, 0.50
